-0.723350,0.649677,0.867178,0.692363,0.087571,-0.003942,-0.036497,-0.072364,-0.058397,0.131739,0.111998,0.105710
-1.122258,-0.137565,0.742966,0.602194,0.208340,-0.149909,-0.155953,-0.166470,-0.349599,-0.023999,-0.154549,-0.104759
-0.777827,-0.452959,0.415468,0.284922,-0.025718,-0.100385,-0.029442,-0.425917,-0.533976,0.375105,0.340824,0.345536
0.092810,0.195587,0.459966,0.296889,-0.136857,-0.346016,-0.028639,0.147751,-0.350607,-0.033731,0.004112,0.343475
0.090244,-0.431735,0.424791,0.275587,0.246633,0.099617,0.144126,0.030011,-0.342301,0.052995,0.021612,-0.107556
-0.406866,-1.231136,0.291051,0.067054,-0.432177,-0.374461,-0.025173,0.215974,-0.455909,0.227795,-0.002101,0.058283
0.841479,-0.821717,0.246776,-0.157936,-0.422453,-0.244265,0.229320,0.399418,-0.255466,0.033586,-0.072544,0.070129
0.891941,-0.869722,-0.187866,-0.456007,-0.589842,0.062939,0.023939,0.274621,-0.396973,0.217893,0.120452,-0.058444
0.938849,-0.282210,0.551315,-0.039563,-0.182339,0.001793,0.192903,0.096400,-0.360336,-0.142312,-0.477195,-0.165609
2.774270,0.875791,0.991343,0.377872,0.363738,0.056005,0.195614,0.050754,-0.282743,-0.075841,-0.269805,-0.089374
7.796943,2.028753,1.320735,0.376590,0.294992,-0.060601,-0.060377,0.052054,-0.031434,-0.021398,-0.096967,-0.051638
7.359632,2.185761,1.622092,0.377493,0.233928,0.280931,-0.272625,-0.322051,-0.413924,0.242043,-0.057296,0.154071
8.057289,1.760272,1.018884,0.126386,0.243065,-0.036602,-0.055960,-0.060692,-0.184705,-0.189634,-0.237087,-0.110402
7.019154,2.264997,1.265351,0.323761,0.140911,-0.101376,-0.042762,-0.011453,0.067601,0.050600,0.022565,-0.060980
2.975905,3.806820,2.338150,0.713812,-0.195517,-0.373942,-0.036199,0.409445,-0.092759,-0.035335,-0.037997,-0.258451
3.844160,2.311879,1.351043,0.577942,0.560249,0.296498,0.273538,0.177025,0.033305,0.004120,0.065777,0.037790
3.744079,2.154707,1.573032,0.815135,0.499193,0.104739,-0.006907,-0.009149,-0.191192,0.017399,-0.086420,-0.057122
3.185670,1.688199,1.112962,0.368630,0.217139,-0.128296,-0.167074,-0.258882,-0.246190,-0.020151,-0.102736,0.018032
0.600974,1.989888,1.187322,0.497107,0.117547,-0.421601,0.044958,-0.032733,-0.237230,-0.081441,-0.128191,0.003878
-2.557345,0.898461,1.244036,0.278385,0.049098,-0.193170,-0.444135,-0.356874,-0.336835,0.163943,-0.147917,0.217257
-2.523830,0.687478,1.102926,0.649027,-0.007247,-0.278324,-0.296843,-0.211872,-0.232099,-0.189857,-0.155855,0.162042
-3.392916,-0.447229,0.847092,0.213093,-0.108643,0.025418,-0.028499,-0.490440,-0.481321,-0.078157,-0.307844,0.141885
-2.143546,-0.231362,0.489580,0.106877,-0.354531,-0.519442,-0.110341,0.356542,-0.067767,0.432532,-0.016827,0.181754
-2.008878,-0.749695,0.854940,-0.017702,-0.914249,-0.549129,-0.108688,-0.490935,-0.491427,-0.096190,-0.010508,0.222058        
-1.576189,-0.523870,0.368055,0.303481,0.154307,0.114506,-0.166005,-0.058525,-0.118484,0.009877,-0.300695,-0.038653
-1.744222,-0.039742,0.767864,0.343592,-0.170627,-0.597108,-0.502369,0.063979,-0.389061,0.203855,-0.007193,0.023032
-1.522563,-0.144422,0.253729,0.131851,-0.556452,-0.766064,-0.005196,0.314974,-0.044758,0.038375,-0.277769,-0.045550
-1.016873,-1.110303,0.477457,0.262367,0.174898,-0.043680,0.019860,0.198420,-0.157498,0.242355,0.130005,0.030509
-0.028191,-0.385981,0.240611,0.100846,-0.058314,-0.528162,-0.166854,-0.080577,-0.311948,-0.387082,-0.142999,-0.235626        
0.384069,0.111003,1.291212,-0.176496,-0.073019,0.326227,0.387497,0.003675,-0.594329,-0.104334,-0.292159,0.260793
0.295043,0.075801,1.090617,0.258527,-0.036851,0.102219,0.235971,-0.209440,-0.577251,0.224810,0.112623,0.187450
0.677307,-0.291189,0.276039,-0.040293,-0.453809,-0.107777,-0.164362,-0.266231,-0.162584,-0.077267,-0.380253,-0.033627
0.636130,-0.860190,0.155203,0.073346,0.177056,-0.062440,-0.025148,-0.062307,-0.117859,0.101678,-0.243700,0.133797
0.571108,-0.552696,-0.033654,-0.052629,-0.307340,-0.486998,-0.173658,-0.198628,-0.234259,0.215080,-0.261387,0.046517
0.632921,-0.262785,0.207673,-0.384840,-0.343542,-0.629085,0.198870,0.291248,-0.176147,0.156344,-0.131123,0.086661
0.656420,-0.863873,0.497711,0.440239,-0.333624,-0.479846,0.101157,0.087480,-0.228300,0.239337,-0.033298,-0.101392
1.050113,-0.328886,0.154837,-0.197814,0.092819,0.001195,0.056522,0.274245,-0.207952,-0.095010,-0.153624,0.144076
0.525508,-0.396967,0.556924,0.643675,0.177661,-0.367382,-0.047440,-0.090981,-0.160536,0.117045,-0.231138,0.157197
0.511934,-0.022432,0.983271,0.364513,-0.050871,-0.278334,-0.203980,-0.217077,-0.175021,0.269919,-0.065396,-0.191293
0.737733,-0.080320,0.497793,-0.015659,-0.339847,-0.351216,-0.150297,0.061504,0.090735,0.000913,0.095592,-0.030939
0.924994,-0.525154,0.430861,-0.036202,-0.291761,0.020120,-0.086103,0.169822,-0.146695,-0.062159,-0.035559,0.163665
0.407533,-0.503573,0.400294,0.305790,-0.305244,-0.197683,0.138372,0.134109,-0.429163,-0.294495,-0.199140,0.160243
0.393062,-0.798492,0.318543,0.005300,-0.460982,-0.460348,0.119254,0.000259,-0.245352,-0.224346,-0.181923,0.120746
0.280901,-0.768327,-0.350943,0.163401,-0.268231,-0.297751,0.119098,-0.240931,-0.191839,-0.192919,-0.091278,-0.033328
0.499700,-1.202014,0.042040,-0.146334,-0.691679,-0.302964,-0.082715,0.088989,-0.123472,-0.005560,-0.188370,-0.178887
1.040105,-0.656279,0.278301,0.002423,-0.418549,0.264816,0.481313,0.386414,-0.478430,0.079628,-0.199353,-0.051555
0.548170,-0.258641,1.069888,-0.163923,-0.669316,-0.141881,0.126475,0.390621,-0.175262,0.244129,0.019632,0.233580
1.551823,-0.095935,0.163069,0.167362,-0.250217,-0.161598,-0.005232,-0.032477,-0.239874,0.078123,0.057739,0.092885
0.860114,-0.125375,0.597391,0.006693,0.039448,-0.242229,0.078445,0.219841,-0.318452,0.212930,0.147601,-0.051629
0.928669,0.104378,1.223682,-0.126412,-0.258250,-0.028499,-0.043589,-0.155874,-0.535360,-0.005288,0.126672,0.02308