-1.093238,-0.009536,1.073988,0.567448,0.590480,0.126215,0.221535,0.506005,0.258038,-0.033458,-0.270063,-0.100125
-1.348469,-0.299816,0.605760,0.211236,0.149660,-0.068328,-0.328393,-0.178531,-0.366280,0.198331,-0.221175,-0.034002
-1.184982,-0.745745,0.344269,0.199599,-0.114167,-0.043154,-0.193382,0.067689,0.056749,0.235496,-0.267327,-0.194948
-0.914003,-1.000038,0.383127,0.269354,-0.483222,-0.530462,-0.096943,0.085193,-0.255447,-0.136734,-0.072478,0.066422
-0.108050,-0.391573,0.669100,0.369945,-0.056434,-0.141376,0.112779,0.028021,-0.296114,-0.238078,-0.213566,0.058956
0.913166,0.238339,0.265880,0.117874,0.378913,0.289489,0.398151,0.527931,-0.318966,-0.342686,-0.127947,0.202248
0.305847,-0.319549,0.450660,-0.113053,-0.072019,-0.291319,-0.110144,-0.320650,-0.123153,0.005347,-0.210030,0.089661
0.211112,-0.850671,0.585815,0.536966,-0.131206,0.048664,-0.169968,-0.224436,-0.370225,-0.081667,-0.355475,0.092980
0.914697,-0.211157,0.647207,0.528825,-0.474949,-0.157034,-0.387339,0.188996,0.005633,0.134295,0.085422,-0.004308
0.836069,-0.933514,0.799939,0.327315,-0.414735,-0.032725,0.249703,0.212556,0.180709,0.343063,-0.151923,-0.152193
0.530891,-0.428503,0.489762,-0.118990,-0.199089,0.122189,0.177674,0.456826,-0.157023,0.059637,-0.194520,0.133978
0.767711,-0.094429,0.055110,0.051373,-0.623102,-0.135663,0.054441,0.047086,-0.030196,0.275690,0.118815,0.022580
2.888215,-1.900290,0.942713,0.149248,-0.241709,-0.947566,0.515473,-0.070556,-0.532012,0.965169,0.007426,0.011950
5.342950,0.039784,1.820575,0.052505,-0.256398,0.140809,-0.031367,0.069778,-0.295377,0.007296,-0.313170,-0.119653
7.606574,-0.832621,2.312438,0.308531,-0.176677,0.355577,-0.163592,0.509467,-0.425350,-0.249644,-0.346570,-0.127600
6.518392,0.699804,2.997446,0.825568,0.166572,0.075547,-0.396310,0.153020,-0.271364,-0.001336,-0.026570,0.235120
7.937739,1.868909,1.253469,0.241070,-0.267545,-0.099095,-0.263625,0.238510,-0.155473,0.278732,-0.282678,0.057761
8.499992,2.426831,1.017325,-0.179888,-0.246560,-0.159568,-0.021233,-0.002329,-0.113970,0.089800,-0.075163,-0.054489
5.501129,3.662094,1.336209,-0.579518,-0.048250,0.237192,-0.270938,0.347303,-0.062504,-0.151632,-0.068701,0.013111
2.420188,2.570997,2.205863,1.023736,0.405738,0.281138,-0.411067,0.066609,-0.221065,-0.004782,-0.233079,-0.024322
3.161188,2.432492,1.420848,0.564658,0.277077,0.034369,-0.159520,-0.007143,0.051535,-0.104679,-0.113465,-0.053101
-1.262997,3.265873,0.970168,0.186420,-0.170502,-0.067502,0.332260,0.121656,-0.444255,0.029311,0.025357,0.130009
-3.688624,1.406604,0.753183,0.319535,-0.351122,-0.375096,-0.138073,-0.428700,-0.440061,0.121532,0.210033,0.215131
-5.489771,0.621943,0.625179,-0.316552,-0.170863,-0.371167,-0.497090,-0.053230,0.096621,0.159187,-0.262939,-0.038128
-5.925866,-0.007349,0.710121,-0.207642,-0.182585,-0.404471,-0.775898,-0.052658,-0.112857,-0.212547,-0.432395,-0.195640       
-5.859795,-0.050421,0.757926,0.324051,-0.359292,-0.518519,-0.054498,0.019803,-0.018336,0.175605,0.153625,0.245243
-6.031622,-0.475205,0.661055,0.072925,-0.223328,-0.099525,0.078222,0.309037,-0.325784,-0.049394,0.195871,0.163194
-4.992718,0.069558,1.082188,0.635067,0.245564,0.022227,0.085023,0.278153,-0.034406,0.281348,-0.039374,0.011657
-4.669352,0.129655,1.241608,0.081230,-0.107249,-0.076542,-0.145060,0.034492,-0.389562,0.114067,0.284455,0.101299
-4.878719,-0.050719,0.879294,0.369652,-0.311547,-0.220727,-0.124019,0.308346,-0.310469,0.203593,0.272249,0.088870
-4.526555,-0.583072,0.322774,0.125364,-0.210622,-0.823427,-0.418882,-0.151343,-0.301693,0.019451,-0.240599,0.034069
-4.285450,-0.242166,0.776397,0.096556,-0.332826,-0.174206,0.280155,0.056929,-0.124953,0.141534,-0.177367,0.074437
-3.696185,0.037439,0.890458,0.179662,-0.447604,-0.583484,0.554299,-0.002606,0.198069,0.499970,-0.228885,-0.148573
-3.278820,-0.054090,0.483818,-0.202317,-0.396439,-0.230530,-0.039258,0.098378,0.038025,0.380178,0.003032,0.183670
-3.019922,-0.527416,0.179848,0.152747,-0.098448,-0.176615,-0.023721,-0.069574,-0.276831,0.286317,0.001522,0.015884
-2.708579,-0.063159,0.735255,0.453179,-0.083115,-0.025664,0.075250,0.196622,-0.151562,-0.043853,0.124531,0.131314
-2.278091,-0.456708,0.273988,-0.065472,-0.384228,-0.406676,0.054651,0.194558,-0.390800,-0.239777,-0.125140,-0.029513
-2.004037,0.100900,0.703004,0.378362,-0.243525,-0.435187,0.053637,0.401234,0.028811,0.492479,-0.162037,-0.160929
-1.851769,-0.043435,0.699103,0.389624,0.359720,0.026735,-0.236046,-0.433711,-0.017503,-0.015631,-0.301340,0.224419
-1.597167,0.131571,0.633104,0.314006,0.007138,-0.138859,-0.366350,-0.178813,-0.368808,0.042180,0.104796,0.080139
-1.459844,-0.458620,0.898277,-0.111847,-0.322593,-0.296679,-0.050920,0.056218,0.285245,0.228342,-0.151909,0.242955
-0.481933,-0.003976,0.746203,0.649277,-0.138788,-0.519856,-0.651606,0.063927,0.058498,0.169375,-0.150428,-0.131716
-0.609714,0.334495,0.622969,-0.129897,-0.757230,-0.318692,0.081662,0.090858,-0.274207,-0.309947,-0.010324,0.259467
0.197222,0.559930,0.811157,0.511906,-0.636808,-0.373153,-0.368950,0.196209,-0.380810,0.023352,-0.182695,0.145664
0.093556,-0.214693,0.813637,0.164164,0.172763,-0.594462,-0.230897,0.328335,-0.377725,-0.211577,0.103704,0.189645
0.897869,-0.664684,0.351452,0.192602,-0.072505,-0.417626,-0.153586,0.377377,-0.374497,0.019707,-0.081340,0.033614
0.801928,-0.373343,0.519326,0.168154,-0.135072,-0.023408,0.294046,0.428330,-0.418081,0.063070,0.022072,0.477036
1.052262,-0.472873,0.418454,-0.232493,0.029927,0.033417,-0.176083,-0.072101,-0.341765,-0.084016,-0.259993,0.203723
0.797550,0.022773,0.624416,-0.130758,-0.515698,0.106151,-0.027235,0.367558,-0.182288,0.331805,-0.118331,-0.255874
0.390033,-0.291074,0.611966,0.247367,-0.239327,-0.172608,0.005863,0.261593,-0.245245,0.093001,0.019899,0.040289