-0.823826,0.243682,1.509726,0.277406,0.205940,0.155978,-0.031182,0.071323,0.098310,-0.068788,-0.142198,0.288942
-1.474789,-0.624714,0.104678,0.444215,0.420056,0.225349,0.345181,-0.128871,-0.059364,-0.105454,0.222987,0.090809
-0.479206,-0.723577,0.158751,0.279248,-0.178867,-0.708859,-0.185114,-0.145117,-0.141495,0.006603,-0.140099,-0.115899
0.392587,-0.741080,0.122309,-0.144981,-0.364408,-0.483297,0.049341,-0.202600,-0.449819,-0.148526,0.010603,-0.101365
0.612651,-0.918813,0.833232,0.397089,0.141614,0.291356,-0.056313,-0.242070,-0.473600,-0.207229,-0.370432,0.161392
1.011451,-0.326443,0.504768,-0.365759,-0.520061,-0.249706,-0.090719,0.320854,-0.460908,-0.040410,0.055859,0.007203
1.150242,-0.504964,0.905749,-0.336691,-0.332206,-0.579619,-0.146155,-0.497889,-0.368307,0.167874,-0.146855,-0.014175
1.855599,-0.407519,-0.072512,-0.134355,-0.475864,-0.838175,-0.090472,0.064349,-0.083484,0.158920,-0.293425,-0.165094
1.740507,-0.497307,0.207698,-0.101122,-0.325360,-0.419184,-0.374723,0.218226,-0.114161,0.008500,-0.105124,0.067149
1.448931,-0.850823,0.518986,0.167404,0.111275,-0.040097,0.201044,-0.001376,-0.463111,0.178935,-0.233090,0.031985
2.204366,-0.278562,0.395131,0.183047,0.001739,-0.205255,-0.242390,-0.326394,-0.072365,0.045624,-0.147069,-0.103384
5.639827,2.825521,2.063365,-0.184651,-0.237682,-0.393167,-0.229434,0.014486,-0.489715,-0.101815,0.055912,0.001203
6.819808,2.801672,1.660691,0.213456,-0.265321,-0.394580,-0.283353,-0.221115,-0.175810,-0.004131,0.167559,0.102316
5.336687,2.418690,2.649163,0.094815,0.111068,-0.268434,-0.174923,0.538143,-0.428592,0.263245,-0.290528,0.050809
5.754606,0.586205,3.025829,0.443793,-0.086951,0.184322,-0.653904,0.565457,-0.326213,0.056644,0.061467,0.036456
7.436123,2.565098,1.265464,-0.011248,-0.341344,-0.167119,-0.235192,-0.007516,-0.151015,0.016057,-0.161455,0.008409
6.881422,2.703702,1.030796,-0.242783,-0.030802,-0.213839,-0.012616,-0.233453,-0.066625,-0.033678,0.034397,0.014368
3.555162,3.593389,2.175242,0.598640,-0.104620,0.112517,-0.157870,-0.239989,-0.212753,-0.093741,-0.160784,-0.139624
2.841523,3.390645,2.454224,1.139245,0.173062,-0.365906,-0.378576,0.010955,-0.276121,-0.003475,0.199896,-0.085783
4.094623,2.423983,1.613450,0.790094,0.450224,0.101075,-0.080769,-0.064307,-0.220434,-0.167270,-0.166725,-0.008298
4.373068,1.941560,1.348105,0.668491,0.369229,0.002617,-0.118164,-0.052856,-0.280509,-0.148831,-0.182211,-0.043557
-0.347695,1.769711,1.611684,0.482495,0.171869,-0.133382,-0.176258,-0.432335,-0.349223,-0.081547,0.033838,0.002662
-1.277889,1.039735,1.045506,0.142578,-0.234115,-0.630386,-0.330768,-0.202564,-0.147025,0.183836,-0.135153,-0.057498
-3.281454,0.397857,1.149438,-0.098802,-0.453300,-0.469212,-0.007060,0.154062,-0.144041,0.337303,0.255520,-0.031651
-2.385633,0.645608,1.119705,0.372797,0.334839,-0.354937,-0.301809,-0.145417,-0.163390,0.367647,-0.024251,-0.089677
-2.545275,-0.477496,0.405353,0.230919,-0.033288,-0.306877,-0.179934,-0.398984,-0.534330,-0.116716,0.026332,-0.096469
-2.594677,-1.105675,0.039625,0.219418,-0.417772,-0.320531,0.231055,0.287506,-0.369512,0.219885,-0.107946,0.062045
-1.784260,-0.474447,0.506139,0.146844,-0.102360,-0.148619,0.257489,0.079277,-0.193763,0.270032,0.152659,0.002659
-1.038938,0.067018,0.876269,0.109431,-0.127757,-0.415548,0.146279,0.016760,-0.535786,0.071719,-0.084857,-0.013724
-1.477660,-1.000794,0.509463,-0.009730,0.252028,-0.059124,-0.271697,0.148646,-0.204287,-0.264468,-0.221403,-0.097943
-1.401446,-0.726522,0.464318,0.206023,0.023124,0.007828,-0.421707,0.026852,-0.339807,0.305907,0.344730,0.102326
-0.709496,-0.638070,0.208649,-0.034822,-0.157037,-0.007983,0.095837,0.213493,-0.053217,0.033401,-0.324029,-0.371872
-0.502463,-0.663617,0.877363,-0.296313,-0.342206,-0.554944,-0.052571,0.562528,-0.060806,-0.006445,-0.321320,-0.096465        
0.155144,-0.424224,1.097121,0.854537,0.448699,-0.541822,-0.262441,-0.026711,-0.402169,-0.104722,-0.409100,0.224468
0.919175,-0.280364,0.767032,-0.169249,0.011714,-0.462817,-0.358133,-0.120649,0.085797,-0.256174,-0.176556,0.173474
0.937985,-0.814424,0.358502,0.202491,-0.091570,-0.292331,-0.043398,-0.088259,-0.407879,0.168054,0.293204,0.117390
1.550762,-0.666374,0.129001,0.000271,0.017679,-0.235681,-0.020203,0.411432,-0.004510,-0.113635,0.153240,0.065011
1.635284,-1.006638,0.407821,0.203778,0.337586,-0.007492,0.188464,-0.078524,-0.185076,-0.176326,-0.005126,0.049316
1.104504,-1.201087,-0.069523,-0.122693,-0.114022,-0.084801,-0.025017,-0.216997,-0.069738,-0.006353,-0.402060,-0.277696       
1.625523,-0.662142,0.233926,-0.291846,-0.164722,-0.271543,-0.365761,0.059518,-0.471665,-0.008302,-0.091363,-0.222759
1.452242,-0.692191,0.256344,-0.056195,-0.120278,-0.576087,-0.376069,0.010133,-0.674441,-0.198378,-0.281463,0.105076
1.856177,-0.711698,0.102306,-0.251076,-0.763892,-0.531494,-0.202450,0.093461,-0.351837,-0.035955,-0.087870,0.081148
1.562650,-0.884805,0.327247,0.023278,-0.718503,-0.186494,-0.206005,-0.236101,-0.325148,0.098286,-0.006686,0.311163
1.788400,-0.914668,-0.289243,-0.429011,-0.808454,-0.268846,-0.259598,0.092373,-0.728950,-0.075191,0.071832,0.194563
1.349313,-1.053418,0.595743,0.435296,0.186471,-0.655500,-0.305528,0.122463,-0.546693,-0.074564,-0.054991,0.058367
1.294310,-0.503563,0.626829,0.631503,-0.195309,-0.145194,-0.068200,0.134923,-0.383047,0.056835,0.019714,0.055656
1.577345,-0.632628,0.221418,0.019005,-0.073422,0.210183,0.179117,-0.234957,-0.247736,0.149823,-0.169248,0.218719
1.552358,-0.943351,0.095015,-0.097218,0.252214,0.151390,-0.219330,-0.335507,-0.309541,0.003822,-0.281118,0.185967
1.723381,-0.584633,0.893366,-0.460813,-0.062375,-0.219402,0.077108,-0.145196,-0.084020,-0.219325,-0.167007,0.168069
1.655392,-0.767845,0.542032,-0.214598,0.118331,-0.235067,0.057981,-0.236994,-0.227852,-0.105351,-0.155289,0.160592