-0.657027,0.282006,0.958779,0.294087,0.693081,0.372739,0.002106,0.466746,-0.066328,0.223374,-0.079873,-0.150665
-0.138133,0.187351,0.854066,0.673503,0.206854,-0.249550,0.111891,-0.152185,-0.071985,0.027633,-0.123310,0.209322
-0.165858,-0.026108,0.887602,0.263575,0.240548,-0.208276,-0.205987,0.062650,-0.038462,0.334780,0.007104,0.162970
-0.534794,-0.651244,-0.256428,-0.773607,-0.236266,-0.345679,-0.145447,-0.134440,-0.386409,-0.111224,-0.126292,0.163899       
0.276922,-0.782704,0.656249,0.129078,-0.092634,-0.265826,-0.128102,0.034809,-0.682789,-0.094766,-0.222811,-0.069288
0.528655,-0.454550,0.887895,0.159137,-0.028149,-0.327470,-0.263597,-0.661413,-0.315478,-0.043689,-0.200713,0.335062
0.661958,-0.657229,0.568919,0.298646,0.062758,-0.216409,-0.347337,-0.276881,0.110259,0.068166,-0.107658,-0.031493
0.543868,-0.792517,0.216713,-0.856373,-0.697038,-0.356139,-0.006474,0.191610,0.052727,0.594577,-0.072535,0.147428
0.594722,-0.442957,0.481669,-0.295116,-0.005334,-0.247789,0.060289,0.318090,-0.305769,0.213856,-0.240698,-0.041114
0.527028,0.330594,0.282516,0.512757,-0.062580,-0.121361,-0.265521,-0.106204,-0.255068,0.303258,0.107241,-0.278308
1.130787,-0.408655,0.642913,-0.173000,0.035638,-0.233064,-0.274602,0.032597,-0.164793,-0.074562,-0.381368,0.284862
1.163668,-0.312810,0.162242,0.119189,-0.273381,-0.050662,0.238189,0.244348,0.146431,0.192020,0.125074,0.221181
3.927082,0.706273,2.288523,0.491448,0.189916,0.050829,-0.109288,0.261405,0.002413,-0.187549,-0.197303,-0.002101
6.104329,1.323434,3.194589,0.570124,0.072978,-0.419407,-0.404729,0.554459,-0.117335,-0.021506,-0.278547,0.059832
6.754528,0.737787,2.602978,0.119869,0.093053,0.438221,-0.695376,0.110322,-0.520847,0.257688,-0.201510,0.014645
7.041564,1.822600,2.288778,-0.127998,-0.528070,0.168694,-0.210890,0.583682,-0.138243,0.331071,0.153321,0.008031
6.099844,3.051044,2.312827,-0.333242,-0.718681,-0.400192,-0.431424,0.564973,-0.177835,-0.131124,0.174661,0.025750
5.641559,3.057553,1.451568,0.330295,-0.226057,-0.455492,-0.008187,0.025247,0.019532,-0.018579,-0.162088,-0.053584
3.795093,3.143710,2.159946,0.840521,0.083597,-0.305826,-0.130924,-0.008738,-0.330840,-0.026924,-0.131244,0.091029
1.600207,3.609879,2.692423,0.601896,-0.240373,-0.080039,-0.694837,0.119798,-0.380655,-0.015592,-0.316276,0.141270
2.460543,2.959344,1.583446,0.482409,0.311219,0.024999,-0.446874,-0.080139,-0.131260,0.017702,0.109907,0.016654
-3.117773,2.570525,2.232531,0.883071,-0.357803,-0.513580,-0.506516,-0.056694,-0.271533,-0.044898,-0.210350,0.079352
-3.867907,1.368267,0.996299,-0.128627,-0.402213,-0.492696,-0.541358,0.021184,-0.246580,-0.151398,-0.340830,0.003464
-5.033110,0.733958,1.167625,-0.021598,-0.159020,-0.246980,-0.134068,-0.054994,-0.346998,0.000447,-0.481016,-0.204741
-4.423306,0.943265,1.428596,0.444062,-0.017725,-0.369258,-0.318986,-0.074901,-0.558255,-0.253763,-0.377371,0.025628
-5.189275,-0.291312,0.704390,0.030996,0.222155,-0.215168,0.102939,0.262573,-0.270060,-0.184606,-0.121239,-0.041123
-5.221934,0.095734,0.312245,0.367040,0.154809,-0.059634,0.118586,0.208996,-0.037954,0.024295,-0.167049,-0.218706
-5.067288,0.071733,1.024973,0.103304,-0.190128,-0.109842,0.102649,0.294982,-0.374512,-0.212514,-0.339879,0.033590
-4.803317,0.226173,1.212193,-0.215011,-0.204829,-0.135147,-0.193501,-0.171922,-0.180256,0.116283,-0.070290,0.097290
-4.688369,-0.478878,0.517799,-0.361473,-0.314102,-0.636468,0.003628,-0.042851,-0.001807,0.057889,-0.585016,-0.053753
-4.092354,-0.546070,0.730749,0.231555,0.030318,-0.332736,0.100292,0.252634,-0.204164,0.196034,0.355658,0.451250
-4.145664,-0.586250,1.172262,0.342140,0.563827,0.061556,0.357034,0.562723,-0.028422,0.041670,-0.102931,-0.128862
-3.773039,0.351911,0.837687,-0.153046,0.484047,-0.387513,0.025454,0.261534,-0.435989,-0.257812,-0.031240,-0.003432
-2.756783,0.027219,0.558756,0.049326,-0.663511,-0.230959,0.160390,0.276648,-0.058726,0.028406,0.083879,0.269805
-3.374501,-0.367420,0.265890,0.002850,-0.513363,-0.114884,-0.151086,0.508459,-0.036361,-0.097809,-0.064743,0.014520
-1.961554,-0.339372,0.224020,-0.263271,-0.252691,-0.203060,0.239903,-0.050783,-0.458194,0.151701,0.040878,0.147326
-1.583301,-0.018963,0.450422,0.133040,0.294857,-0.306782,-0.073029,-0.241319,-0.207034,0.297251,0.038221,0.221889
-1.607588,0.186715,0.606351,0.051882,-0.297598,-0.491945,-0.049933,0.101550,-0.277733,-0.210567,-0.262107,-0.061488
-2.136530,-0.366279,0.874609,0.643766,-0.133935,-0.617584,-0.523272,-0.131353,-0.142518,0.264744,-0.252028,-0.177186
-0.356233,0.106093,0.853462,0.443140,-0.209078,-0.344498,-0.369174,-0.224945,-0.140874,-0.170615,-0.039766,0.065285
-0.453082,-0.332242,0.385602,0.094808,0.210367,-0.079651,0.321326,0.107305,-0.227071,-0.034882,-0.228129,0.261987
-0.201552,-0.641972,0.477097,-0.087013,-0.259548,-0.275278,-0.176742,0.089686,-0.223273,-0.238996,-0.478332,0.103615
0.256084,-0.312337,0.178370,0.236612,-0.282506,-0.440170,-0.073476,-0.143328,-0.178904,0.093984,-0.334173,-0.130754
0.257894,-0.877962,0.096154,0.258260,-0.151541,-0.055182,-0.213736,-0.074672,-0.369833,-0.105170,0.003050,-0.173094
0.864520,-0.158759,0.168840,0.082720,0.069610,-0.069860,0.225269,0.012707,-0.090041,-0.190491,-0.422615,-0.006921
0.680996,0.295538,1.241843,0.309038,-0.067890,0.000006,-0.071852,-0.106346,-0.332468,0.077173,-0.228130,0.286823
0.154759,-0.805234,0.795076,-0.053389,-0.388047,-0.064010,0.230103,0.242468,-0.376548,0.075351,0.132501,0.000553
0.436792,-0.551058,0.300336,0.090299,-0.236116,-0.024098,-0.244308,-0.137973,-0.098459,0.162391,-0.097621,-0.074635
0.616235,-0.575701,0.027924,0.029660,-0.540350,-0.578431,0.317322,0.163366,-0.473091,0.244969,0.122002,0.059159
0.548281,-0.822531,0.142855,0.308591,-0.310451,-0.096495,-0.258702,0.006868,-0.085624,0.480187,0.085142,0.094735