-1.460045,-0.134465,0.637426,0.920380,0.636800,0.412178,0.055185,0.438899,-0.103803,0.148244,0.078565,0.161530
-1.494997,-0.166725,0.241449,-0.214373,-0.440195,-0.002682,-0.125661,-0.207400,-0.160312,0.100737,-0.036394,-0.108958        
-0.965556,-0.050086,0.556213,0.079756,0.356668,-0.016435,-0.010088,0.075085,-0.357173,-0.071277,-0.236043,0.338515
-0.667652,-0.968607,0.607530,0.371974,0.268738,0.234622,-0.205888,0.093441,-0.254234,0.035723,0.174763,0.344871
0.368482,-0.272185,0.612685,0.164532,-0.350613,-0.044728,0.167390,0.073041,-0.131796,0.181724,-0.049996,-0.040869
0.606995,-0.294576,0.275973,0.299358,-0.355157,-0.233989,0.086321,0.031675,-0.489637,-0.123848,-0.233014,-0.000252
0.582767,-0.520183,0.197056,0.009544,-0.220473,-0.065105,-0.029419,0.142064,0.118091,0.273277,0.116132,0.260279
0.249198,-0.389127,0.104280,-0.039128,-0.596880,-0.208974,-0.348397,-0.036294,-0.154460,0.195725,-0.290755,0.047885
0.991263,-0.468467,0.634598,0.381151,0.061465,-0.261077,-0.186271,0.036164,-0.201302,0.014116,-0.048487,0.032050
0.957352,-0.023266,0.524794,-0.531839,-0.064340,-0.472300,-0.329241,0.054922,-0.474931,0.125355,0.148490,0.067021
0.466929,-0.274963,1.054968,0.028695,-0.019473,-0.213662,-0.536013,0.003782,-0.210825,0.093391,-0.223634,-0.098985
-0.214565,-1.427221,-0.285444,0.041864,0.089429,0.020662,0.223517,-0.005815,-0.215910,-0.034022,-0.092813,0.269861
0.801408,0.193395,0.123501,0.052379,0.145665,-0.265872,0.203774,0.039756,-0.423157,0.077681,-0.182018,0.113016
0.918626,0.160663,0.879683,0.006529,-0.356395,0.233829,0.199243,0.252996,-0.328762,-0.192921,-0.228531,0.252794
3.503195,-1.475356,1.967999,-0.461030,-0.137986,0.084992,-0.101646,0.236577,0.029616,-0.057066,0.284697,0.143375
6.535949,-2.731710,1.767373,-0.597229,-0.317966,0.134600,-0.253816,0.345280,0.022570,0.421255,-0.030857,0.008377
6.736883,-1.212674,3.093715,0.136663,-0.149620,-0.123892,-0.206835,0.327224,-0.434874,-0.049707,0.043833,0.010520
7.585609,1.149029,2.421410,-0.269666,0.220801,-0.017491,-0.339669,0.186702,-0.183108,-0.221128,0.057190,-0.165690
6.716052,2.601558,2.049722,0.143837,-0.289953,-0.452721,-0.319097,0.257131,-0.026271,0.033204,-0.094958,-0.120041
6.562271,2.979308,1.293218,-0.030126,-0.222281,-0.008289,0.200629,0.303896,-0.064137,-0.131507,-0.028152,-0.017337
5.102457,3.266493,1.640528,-0.752447,0.114888,-0.004692,0.164131,0.397740,0.172868,-0.349675,-0.154190,0.115565
3.408455,3.309029,1.851719,0.319618,0.117226,-0.064809,-0.159643,0.236155,0.149870,-0.409594,-0.214504,-0.099314
2.246128,3.539321,2.120688,0.846748,0.032644,-0.299994,-0.284378,0.025249,0.055531,-0.104422,0.003329,-0.146101
4.151748,1.983481,1.070550,0.262114,0.149300,0.119199,-0.038761,0.132148,0.064070,0.050754,-0.001406,0.044513
1.720293,1.765087,0.943555,0.256877,0.060310,-0.069984,-0.058049,0.000739,0.058701,0.023758,0.097271,0.055902
-1.921452,1.478717,0.859210,-0.071017,-0.155435,-0.002199,0.274048,-0.202627,-0.715947,-0.039076,0.185434,0.005388
-3.019598,0.867179,1.281212,0.708254,-0.055281,-0.427429,-0.120545,-0.038973,-0.164377,0.030798,-0.307824,0.019731
-3.313196,0.658196,1.180564,0.370371,-0.290908,-0.102751,-0.069262,0.366175,-0.370993,0.229983,0.025263,0.111435
-2.700779,0.459383,1.457566,0.351593,-0.281592,-0.020562,0.325735,-0.128681,0.029991,-0.018675,-0.177707,0.000266
-2.797813,0.218216,0.741361,0.193188,-0.197668,-0.053112,0.010478,0.312854,0.099348,0.150307,0.005989,-0.054198
-2.043524,0.331765,0.535730,0.040097,-0.292025,-0.162942,-0.175346,0.191346,-0.308215,-0.093851,-0.003918,0.274049
-2.950268,-0.063223,-0.139179,-0.494067,-0.345848,0.297370,0.000861,-0.337504,-0.148307,-0.348380,-0.053146,0.116680
-2.701760,-0.665780,-0.332207,-0.338852,-0.600536,-0.194142,-0.349845,-0.252662,-0.887936,-0.338770,-0.261642,-0.079201      
-2.363480,-0.770569,0.058765,-0.384000,-0.026463,0.210551,0.085480,-0.038191,-0.321488,-0.220815,-0.040289,0.023035
-1.669909,-0.668755,0.284441,-0.327687,0.095583,-0.330375,0.108119,0.196557,-0.195560,0.029079,-0.125826,-0.031977
-0.958530,-0.159806,0.322258,0.032907,-0.041046,-0.039552,-0.048335,0.228667,-0.235812,-0.098218,-0.181186,-0.111146
-0.774028,-0.030727,0.477282,0.183381,-0.199024,-0.264208,0.339212,-0.058231,-0.431763,0.025311,-0.144792,-0.178959
-1.185141,-0.743079,-0.030679,0.181097,-0.033400,-0.449558,0.181331,0.310593,-0.162195,0.047705,-0.154478,0.057128
-0.104296,-0.060151,0.567706,0.214720,0.253985,-0.590649,0.042365,-0.028996,-0.121381,0.277589,0.042442,-0.056442
0.605041,-0.623260,0.262752,0.137725,-0.014375,-0.004709,0.380287,0.505895,0.019609,0.042244,-0.169920,-0.006373
0.027336,-0.012740,0.851978,1.059945,-0.052088,-0.307596,-0.337399,-0.143457,-0.246226,0.196998,0.112927,0.156352
0.923722,-0.326878,0.385031,0.435925,-0.490763,-0.059837,0.021148,-0.011002,-0.183077,0.194785,-0.136502,-0.068433
0.667988,-0.194390,0.445282,0.099252,-0.308846,-0.832748,-0.335583,-0.165565,-0.312159,0.103726,-0.141887,0.296683
0.248968,-0.177794,0.686569,0.165445,-0.339928,-0.457243,-0.125851,0.298087,-0.091886,0.193365,-0.084497,-0.072140
-0.563502,0.225379,0.592384,0.065313,-0.107249,-0.488335,0.102463,-0.014213,-0.422909,-0.239666,-0.076721,0.029622
0.152807,-0.295457,-0.013781,-0.295874,-0.328328,-0.022453,-0.110014,-0.080028,-0.122137,-0.416031,-0.338330,-0.100609       
0.704290,0.240392,0.574632,-0.521676,-0.430766,-0.101125,0.003615,0.079366,-0.191311,-0.229043,0.096986,0.176580
0.909857,-0.439901,0.367970,0.167313,-0.051067,-0.131943,-0.116527,-0.007604,0.106358,0.078698,0.140055,-0.017365
0.880210,-0.376377,0.483224,-0.069479,0.036523,0.022692,-0.242698,0.078317,-0.277779,0.332300,-0.145099,-0.086771
0.763350,-0.174536,0.453777,0.063157,-0.072905,-0.228583,-0.111614,0.182644,-0.295392,0.149690,-0.252292,-0.092069