-0.651382,0.552803,0.999842,0.424903,0.368136,-0.149552,0.145233,0.244579,-0.131743,-0.074074,-0.181262,0.207107
-1.067233,-0.200319,0.804519,0.098807,0.093396,-0.207103,-0.046481,0.110652,-0.347898,0.117537,-0.026268,0.094140
-0.802983,-0.216892,0.930722,0.424216,-0.139917,-0.282852,-0.184068,0.191138,-0.301821,-0.054046,-0.251015,0.198425
-0.614112,-1.019974,0.294742,0.357069,0.306965,0.043101,0.352892,0.158979,-0.070279,-0.053022,-0.340321,-0.130491
-0.089126,-0.369572,0.195180,0.026243,0.118226,-0.091728,-0.153298,0.007601,-0.026846,-0.047403,0.090260,-0.079338
-0.085580,-1.146610,0.217472,0.018001,-0.461719,-0.466761,-0.190074,-0.218295,-0.149410,-0.334351,-0.188937,-0.049111
0.864500,-0.356088,0.182389,0.001173,-0.042607,-0.206070,0.237830,0.233447,-0.280147,-0.106990,-0.332691,-0.068296
0.722623,-0.466357,0.279272,0.402688,-0.024563,-0.109218,0.155900,0.137613,-0.378402,-0.183240,-0.166440,-0.054688
0.508331,-0.478609,0.551072,0.009930,-0.273051,-0.139354,0.295659,-0.018379,-0.230780,-0.070744,0.001290,0.213437
0.631445,-0.679442,0.562771,0.059399,-0.588127,-0.490249,-0.198990,-0.363336,-0.376413,0.132418,-0.254397,0.146465
3.303424,-0.230476,1.714758,0.967290,0.065746,0.402016,0.009928,0.180009,-0.372792,-0.229543,-0.070794,0.068042
6.770205,0.863637,2.454102,1.105383,-0.093793,-0.146837,-0.451900,0.353516,-0.418073,0.032261,0.201460,0.129851
7.650600,0.339704,2.421538,-0.060601,0.329148,0.147110,-0.169361,0.304886,-0.235170,0.023031,0.021616,0.034319
6.266363,-0.663588,3.451782,0.372943,0.613443,-0.257253,-0.198922,0.862848,-0.483645,-0.184346,-0.161120,0.110788
8.107193,0.652493,2.254991,-0.132746,-0.107573,0.066948,-0.464235,0.317384,-0.334097,-0.130064,-0.115243,0.112952
9.328481,2.529311,1.140489,-0.011483,-0.407860,-0.418477,-0.255104,-0.068336,0.085804,0.112362,-0.050751,-0.132150
7.821229,3.089275,1.399424,-0.114694,-0.484301,-0.345848,-0.351078,0.094450,-0.148643,0.070921,0.303648,-0.088106
4.668725,2.817731,2.115314,0.711513,-0.196466,-0.376122,-0.760947,0.159526,-0.119319,0.181224,-0.079070,-0.064053
4.895488,2.648701,1.949727,0.779662,-0.113923,-0.264834,-0.452663,0.268814,-0.288414,0.130128,0.032192,0.031306
3.934684,2.856715,1.446028,0.346707,0.158504,-0.495642,-0.048403,-0.118790,-0.218171,0.113422,-0.104451,0.082456
4.883468,1.799973,0.907052,0.058112,0.020538,-0.149160,-0.165976,-0.162251,-0.142614,-0.064118,-0.084941,0.024962
-2.819278,2.609649,1.871141,0.236348,-0.313800,-0.587996,-0.589869,-0.585064,-0.345442,-0.204870,-0.129439,0.189204
-1.504769,1.468819,0.281056,-0.350850,-0.841967,-0.752870,-0.535382,-0.227636,-0.424001,-0.265081,-0.369858,-0.070845
-4.840001,1.609417,1.412204,0.347407,0.065933,-0.302384,-0.253321,-0.165780,-0.276374,0.253693,0.079079,0.102380
-6.185585,0.460374,1.222548,0.804127,-0.524661,-0.478808,-0.328426,-0.371229,-0.260454,0.026641,0.245238,0.291116
-5.453656,0.089271,0.953826,0.148875,-0.160770,-0.078837,-0.448032,-0.234662,-0.153227,0.169183,-0.171293,-0.069011
-5.247563,-0.112564,0.732338,-0.020851,0.075243,-0.051156,-0.533452,0.173990,-0.166420,0.157717,-0.141631,-0.023054
-4.849139,0.569909,0.692077,0.263400,0.522930,-0.399766,-0.269430,0.130213,-0.181446,0.117930,0.035905,-0.066291
-5.127777,-0.033025,0.764448,0.764985,0.526400,-0.390220,-0.222787,-0.302617,-0.309016,0.095139,0.043938,0.175918
-4.518419,-0.811825,0.303848,0.632301,0.647932,0.038986,-0.102286,0.111649,-0.229748,-0.195740,-0.273003,0.018113
-4.365689,-0.149294,0.956412,0.287764,0.612271,-0.047964,-0.229803,0.017429,-0.254026,-0.274205,-0.159617,0.005310
-3.233508,0.039146,0.810578,0.632992,0.199721,-0.517793,0.040615,0.135485,-0.048217,-0.370872,0.130844,0.064244
-3.135312,-0.096859,0.634086,0.551242,0.131276,-0.241083,0.269181,0.421233,-0.003281,0.233408,-0.080487,0.082611
-3.065948,-0.584455,0.207421,0.021070,-0.114716,-0.079276,-0.230811,-0.177942,-0.263450,-0.301454,-0.037951,0.152017
-3.021914,0.097847,0.786981,0.117559,0.038573,-0.178089,-0.207868,-0.168978,-0.419053,-0.130001,0.074210,-0.119326
-2.224438,0.084930,0.425974,-0.143388,-0.018619,0.046591,0.047691,0.128673,-0.138009,0.133953,-0.002804,-0.025910
-2.652575,-0.624355,0.444600,-0.167933,-0.131065,-0.187606,-0.195931,-0.058138,-0.347669,0.198715,-0.140147,-0.008781
-2.450400,-0.492558,0.212621,-0.107317,0.182518,0.089699,0.120705,-0.019573,-0.154361,0.160384,-0.058436,0.085751
-2.273983,-0.939820,0.003367,-0.407436,-0.671115,-0.487909,-0.058014,0.192486,-0.132430,0.255580,0.208067,0.299583
-1.087016,0.024361,1.296233,0.654743,0.086965,0.149333,0.318374,0.328095,-0.254693,0.118405,0.190134,0.048596
-0.897816,-0.316649,0.826276,-0.220154,-0.496511,-0.303157,-0.163903,-0.177474,-0.157234,-0.075436,-0.061139,0.475572
-0.076420,0.132658,0.595856,0.243019,-0.372847,-0.246485,-0.439768,-0.401814,-0.264542,-0.048792,-0.270305,0.176252
-1.108068,-0.863492,0.479433,0.545076,-0.289616,-0.377690,0.112098,-0.072910,-0.275965,-0.022901,-0.204166,-0.068986
-0.040776,-0.208627,0.726862,0.159736,0.275480,0.057263,0.164582,-0.000035,-0.209217,0.011976,-0.212832,0.012391
1.138104,-0.321873,0.775823,-0.142932,-0.312043,-0.113528,0.080386,0.302393,-0.168705,-0.138620,-0.278716,-0.134487
0.496269,-0.502199,0.531161,-0.146876,-0.261409,-0.582461,-0.068416,0.172698,-0.222489,0.184260,-0.097714,-0.184160
0.867918,-0.447334,0.157957,0.282202,-0.000946,-0.171454,-0.247235,0.050056,-0.343497,0.240055,-0.041399,0.384368
1.598406,-0.421392,0.494495,0.377767,-0.079409,-0.000559,0.053502,-0.002083,-0.113520,-0.204117,-0.125109,0.098906
0.200738,-0.972786,-0.030597,-0.088367,-0.116527,-0.480807,-0.261590,-0.024596,-0.527348,0.148925,0.340768,-0.220301
0.873147,-0.818826,-0.329372,-0.261197,-0.310600,-0.384944,-0.038320,0.160183,-0.219395,0.295141,0.167751,-0.127524