-0.729524,0.222633,0.534536,0.607519,0.406815,0.265923,0.350707,0.189500,-0.476042,-0.043362,-0.198249,0.096032
-0.820499,-0.476137,0.263720,-0.225407,-0.474939,-0.199756,0.095282,-0.047064,-0.166520,-0.033532,-0.230957,-0.386450        
-1.201353,-0.624349,-0.078025,-0.399682,-0.634254,-0.415026,-0.049138,-0.066261,-0.318161,-0.041760,-0.155386,-0.029521      
-0.683003,-0.696993,0.026359,-0.054582,-0.549921,-0.692325,-0.515860,-0.012450,-0.598115,-0.039034,-0.252159,0.130920        
0.184043,-0.882853,0.001327,-0.102771,0.370960,-0.301995,-0.016067,0.066125,-0.181844,0.242101,-0.111257,0.115209
0.125190,-0.626906,0.766503,0.087677,0.209320,0.198489,-0.259632,-0.516693,-0.040238,0.213363,-0.187263,0.310351
0.667544,-0.946026,0.080445,-0.208299,-0.290976,-0.404385,-0.021427,0.229552,-0.178665,-0.109714,-0.198962,0.106370
0.871524,-0.371025,0.871636,0.629718,0.368524,0.251064,-0.210131,0.163551,-0.175645,-0.261179,-0.463750,0.034508
1.158377,-0.162361,0.534316,-0.051318,-0.483048,-0.207089,-0.007135,0.008707,-0.266375,0.090791,-0.109659,0.230772
-0.187290,-0.703220,0.475248,-0.215712,-0.175018,-0.157077,-0.313079,0.009151,-0.163133,0.171922,-0.156425,0.143235
0.644430,-0.056401,0.946598,-0.132037,-0.091704,0.046853,0.240708,0.093104,-0.415234,-0.023068,0.228727,-0.130544
1.125126,-0.476392,0.425296,-0.297825,-0.372340,-0.357674,-0.539834,-0.133752,-0.663346,-0.094191,0.013652,0.014848
3.027026,-0.582654,1.992690,0.136993,0.321941,0.248277,0.017085,0.284567,-0.686510,-0.009944,-0.591988,-0.189164
8.942049,1.352046,1.655072,-0.260736,-0.187860,-0.082192,-0.155917,0.004198,-0.321133,0.090252,-0.147504,0.043243
9.154544,1.845014,0.800965,-0.202361,-0.454000,-0.117828,-0.300779,-0.170667,-0.197559,0.171704,-0.335230,-0.189259
7.616763,2.405011,0.833918,0.235028,-0.167012,-0.299529,-0.045824,0.202397,-0.031591,0.002991,-0.133388,-0.008715
6.471599,2.256427,1.195757,0.426985,0.276511,0.031304,-0.090391,-0.116715,-0.229668,-0.122508,0.042591,0.107335
4.650451,1.921387,1.018481,0.405585,0.259383,0.287692,0.128012,0.232177,-0.050833,-0.203117,-0.083762,0.004686
1.411250,2.378310,1.535534,0.680201,0.383513,0.171407,-0.086250,-0.017581,-0.224238,-0.048397,0.013584,0.092240
-3.280431,1.727171,1.676597,0.675267,-0.035192,-0.341341,-0.306524,0.093645,-0.149854,0.001904,-0.167679,0.134849
-3.746293,1.190816,0.865197,-0.068134,-0.263016,-0.334873,-0.304580,-0.032477,-0.178093,0.044289,-0.170997,0.021502
-4.855000,0.607454,0.747878,0.046459,-0.280874,-0.181125,-0.526549,-0.153888,-0.058322,0.337006,-0.145199,-0.083036
-5.629784,0.111211,1.172993,0.726066,0.187267,-0.113179,-0.080839,-0.063719,-0.117036,-0.035588,-0.319024,-0.394106
-5.575287,0.261835,0.207159,0.167324,-0.692833,-0.163181,-0.241708,0.014386,-0.181647,-0.134962,-0.223716,-0.019733
-5.562950,0.114543,0.635601,0.034324,-0.304194,-0.217481,-0.063744,0.139230,0.258929,0.479387,-0.020804,-0.176829
-5.755290,-0.300720,0.599221,0.223692,0.129155,-0.188801,-0.532683,-0.414719,-0.024983,0.127331,-0.153181,-0.017144
-5.242641,-0.382681,0.821528,0.325137,-0.300107,-0.262460,-0.147665,0.125537,-0.000060,0.012137,-0.346825,-0.223877
-5.120574,-0.408827,0.405318,0.149411,-0.179529,0.174780,-0.049321,-0.263569,-0.559236,0.255130,-0.356615,-0.014408
-4.269740,-0.770222,-0.021490,0.182317,-0.331716,0.010686,0.377364,0.411301,-0.433898,-0.137034,-0.353892,0.071791
-4.144943,0.148751,0.370053,0.460254,0.194135,-0.043780,0.143657,-0.263261,-0.070981,0.065849,0.099737,0.454979
-2.998559,0.156591,0.397835,-0.205551,-0.392686,0.121005,-0.022261,0.156248,-0.407005,0.136958,-0.065738,0.191984
-4.021397,-0.317314,0.724076,0.006864,-0.068857,0.583477,-0.055874,-0.027319,-0.283560,0.067215,-0.165438,-0.040213
-3.904148,-1.025476,0.173204,0.593981,0.323051,-0.357494,0.135197,0.546681,-0.097370,-0.137926,-0.197549,0.036717
-2.775805,-0.625634,0.095990,-0.039757,0.064161,0.007680,-0.063233,0.077938,-0.078535,-0.127333,-0.170016,-0.272501
-2.767605,-0.618104,0.159567,0.308209,-0.427805,0.097271,0.315038,-0.223413,-0.280652,-0.258630,-0.005661,-0.049333
-2.001211,-0.478965,0.634916,-0.041627,-0.171027,0.022437,0.151851,0.090495,0.041417,0.240369,-0.115608,-0.101915
-2.123189,-0.521643,0.352804,-0.095176,-0.415858,-0.218067,-0.142637,-0.011281,-0.305742,-0.045055,-0.402794,-0.283879       
-0.868811,-0.302518,0.827400,0.023417,-0.344710,-0.355532,0.121399,0.308076,-0.376859,-0.132982,-0.109836,0.055438
-1.536395,-0.848109,0.615581,0.137499,-0.327276,-0.774179,-0.333091,0.048677,-0.435009,-0.066931,-0.193231,-0.066219
-0.217985,-0.008342,0.744990,0.653322,0.031507,-0.536645,0.210660,0.004509,-0.278281,0.079695,-0.171288,-0.066243
-0.405930,-0.538411,0.358951,0.476231,-0.642426,-0.270922,0.028897,0.179463,-0.043511,0.076990,0.156743,0.342752
-0.172215,-1.243563,-0.218511,-0.072376,-0.597051,-0.016023,0.141456,0.340481,0.163122,0.010885,-0.128540,0.117231
0.304398,-0.794104,0.053988,0.333217,-0.071119,-0.096066,0.058543,0.017245,-0.147609,0.232917,-0.032175,-0.065958
0.183778,-0.428927,0.603941,0.383200,-0.137677,-0.227202,-0.189457,-0.442857,-0.434809,0.124521,-0.101179,0.050133
0.243021,-0.724992,0.338383,-0.117298,0.008315,-0.288244,-0.236974,0.158525,0.083497,0.259353,-0.147658,0.189236
0.802024,0.029549,0.872325,0.002746,-0.056093,0.166360,-0.013343,-0.061063,-0.254767,-0.136129,-0.101986,0.274408
0.408013,-0.083494,0.363118,0.045949,0.079063,-0.162420,0.124548,-0.068670,-0.189541,-0.309522,-0.433189,-0.083298
0.550311,-0.740862,0.384294,-0.030482,-0.251219,-0.267209,-0.163307,0.230467,-0.103761,0.140232,0.119968,-0.205015
0.399377,-1.010002,-0.134819,0.372003,0.129543,-0.330560,-0.075085,0.136505,0.081249,0.386432,0.133478,0.100430
0.862853,-0.833404,0.214948,0.155343,-0.048478,-0.063489,-0.208257,-0.163212,-0.325272,-0.055075,-0.011961,0.061523