-1.441475,-0.028070,1.396470,0.438359,0.258172,-0.484662,-0.526463,0.534612,-0.001711,0.009833,-0.533565,-0.223361
-0.539054,-0.655414,0.619234,0.483656,-0.251236,-0.206824,-0.256611,-0.211403,-0.184777,0.069955,-0.035229,0.084080
-0.252024,-0.408781,0.601780,0.126564,-0.103622,0.130268,-0.060992,0.001163,-0.127796,0.095471,0.269169,0.291463
-0.485265,-1.030419,0.041819,0.139256,0.004073,-0.200882,0.064952,-0.257002,-0.361905,0.078985,-0.205860,0.026530
0.403758,-0.419720,0.287293,0.278838,0.331759,0.460074,-0.050342,-0.181333,-0.229300,-0.106717,-0.260225,-0.194193
5.847758,0.250104,1.437485,-0.066211,-0.226811,-0.063569,-0.463396,0.179753,-0.232062,0.004930,0.054347,0.054273
8.553361,0.739979,2.057274,-0.128233,0.243748,-0.270156,-0.117917,0.090497,-0.291939,0.019042,-0.103272,0.040082
7.124948,0.518627,3.005317,-0.118146,0.558926,0.231210,-0.539693,0.201116,-0.294271,0.040846,0.082401,-0.019422
6.644681,0.474675,2.621491,0.043911,0.225180,0.001577,-0.333140,0.367594,-0.231930,0.091339,0.041734,0.013998
6.401548,1.203138,2.486832,0.097837,0.139744,-0.359338,-0.639911,0.862857,-0.118898,0.036101,-0.175578,-0.034693
7.725817,2.201112,1.460910,-0.302716,-0.110616,-0.282228,-0.467781,0.326852,-0.234685,0.174500,-0.101820,0.082585
7.688240,2.281963,1.209528,-0.160474,0.259761,-0.099721,-0.742469,-0.185621,0.165239,0.010217,-0.168273,0.240518
6.449504,3.262965,0.890654,-0.629632,-0.432772,0.044757,-0.073120,0.046218,0.133938,0.041015,-0.138608,-0.050977
4.780118,4.334551,0.722340,-0.837976,-0.246366,-0.021499,-0.275837,0.196614,0.130081,0.178123,-0.142156,-0.021975
6.334994,2.775696,0.481099,-0.442260,-0.038415,0.133131,0.030416,0.109003,-0.032571,0.069544,-0.283163,-0.114403
4.858326,3.225805,0.836532,-0.370093,-0.292840,-0.076814,0.031326,-0.038940,-0.192173,-0.213852,-0.018653,0.172289
2.826268,3.680941,1.236566,0.341799,-0.298349,-0.059123,-0.158249,-0.140223,-0.422709,-0.154419,-0.162862,-0.033077
2.879782,3.134906,1.567262,0.284497,-0.396893,-0.679097,-0.451647,-0.246848,-0.268161,-0.240994,0.055896,0.084234
3.627069,2.321769,1.184181,0.479670,0.086634,-0.327452,-0.191539,-0.074031,-0.099880,-0.201775,0.252832,0.024890
0.637406,2.256086,1.474177,0.409074,0.071701,0.111051,-0.117012,-0.050337,0.196315,0.080382,0.143646,0.197927
0.560232,1.671468,0.998667,-0.031874,-0.167217,-0.088683,0.028586,0.117672,-0.105572,0.077068,0.052387,0.048942
-4.120035,1.606648,1.509583,0.668946,-0.178281,-0.421183,-0.162318,-0.173980,-0.609948,0.290397,-0.025742,0.049471
-3.558418,0.926315,1.253586,0.476408,-0.135945,-0.294148,0.068361,0.034746,-0.277438,0.349003,-0.009129,-0.083833
-4.221889,0.300418,1.018913,0.173387,-0.191908,-0.534928,-0.108411,-0.019484,-0.150126,0.154100,0.106663,0.335109
-4.204696,0.056618,0.923180,-0.060454,0.083490,0.183966,-0.101022,0.374680,0.027563,0.149807,-0.240996,-0.011256
-3.771775,-0.384845,0.381683,0.636977,0.314856,-0.022033,0.031509,0.435632,-0.061129,0.044751,-0.237962,-0.057473
-4.219482,-0.748642,0.964635,0.897289,0.462378,0.160060,0.100123,0.085695,-0.597554,0.017136,0.153525,0.285493
-4.167166,-0.460149,0.545720,0.001065,0.133654,-0.243840,-0.198364,0.212206,0.272821,-0.012628,0.008727,0.056753
-3.426822,-0.676154,0.617180,0.718141,0.512069,0.327536,-0.119098,-0.047832,-0.316603,0.194922,0.015649,-0.124529
-3.555910,-0.257764,0.914236,0.821710,0.385966,-0.216097,-0.016156,-0.056181,-0.136711,0.118626,0.253571,-0.157645
-2.913710,-0.033428,0.358384,-0.083841,0.068569,-0.330625,-0.144543,-0.025546,-0.301023,-0.081968,-0.042730,-0.039855        
-2.618492,-0.223315,0.626913,-0.130438,0.198681,-0.442928,0.134632,-0.383052,-0.398656,0.233539,0.006528,0.181933
-1.753791,-0.208978,0.575549,0.060528,0.159507,-0.325383,-0.231750,-0.036119,0.019972,0.297525,0.063570,-0.198035
-2.302375,-0.441873,1.061870,0.638738,0.444644,-0.021179,-0.051038,-0.312414,0.288867,0.561418,0.079009,0.207715
-1.033397,-0.101854,0.907820,0.263704,-0.041927,-0.190370,-0.003640,0.288536,-0.238472,0.014911,-0.070944,0.101186
-0.798672,-0.197861,0.769628,0.088327,0.252899,0.312364,0.044084,0.301042,-0.098054,-0.029023,0.042160,0.138314
-1.457983,-0.593195,0.802202,-0.137686,-0.086974,-0.522965,0.097316,0.182005,-0.497585,0.028964,-0.055888,-0.200880
-0.261529,-0.606491,0.622701,0.293103,-0.077233,-0.049868,-0.255427,0.044453,-0.236070,0.197748,-0.133573,0.147362
-0.001578,-0.875674,0.870841,0.316267,0.276810,-0.230922,-0.138835,-0.062579,-0.265785,-0.056991,-0.199835,-0.135966
0.755768,-0.686847,-0.023169,0.289294,0.119828,-0.333666,0.290712,0.108998,0.112368,0.325135,-0.282911,0.201277
0.905245,-1.060612,0.025295,0.693407,0.052825,-0.619010,-0.020824,-0.176614,-0.072987,-0.000411,-0.282059,0.182795
1.487291,-0.612149,0.517489,0.363765,-0.165041,-0.380121,-0.315411,-0.037667,-0.143922,0.120538,-0.249172,0.012163
0.836993,-0.311025,0.652875,-0.048224,0.067930,-0.321754,-0.068297,-0.233586,-0.114505,-0.002062,0.025934,0.113591
1.693082,-0.954394,0.357799,0.218882,-0.242569,-0.355821,0.299993,0.358872,-0.144889,-0.015539,-0.267218,0.123683
0.877957,-1.347495,-0.506776,-0.254338,-0.352692,-0.283474,0.057104,-0.239782,-0.524232,-0.094352,-0.207678,0.170486
1.004731,-0.904151,0.146940,-0.118545,-0.248170,-0.467132,-0.352881,0.047011,-0.322987,0.137328,-0.042166,0.161392
1.129764,-0.746842,0.258458,0.211021,0.153653,-0.070933,0.099071,-0.026913,-0.012066,0.141647,0.143301,0.224446
1.051668,-0.951749,0.637273,0.365663,0.077124,-0.150463,-0.123064,0.042652,0.087164,0.035572,0.192158,0.021997
0.836447,-1.220970,0.671480,0.090326,0.023117,-0.420866,-0.549042,-0.568443,-0.252072,-0.220150,-0.216730,0.193892
0.473915,-1.049844,1.007524,-0.213193,0.017608,-0.605730,-0.465165,-0.220316,-0.178544,0.090343,-0.087893,0.267453