-1.039756,-0.500946,0.831311,0.557322,0.025774,0.236255,-0.007751,-0.317436,-0.651060,-0.105416,-0.029947,0.291360
-0.017797,-0.404158,0.425155,0.068850,-0.149904,-0.129915,0.346714,0.019535,-0.146615,0.000581,-0.093360,-0.023326
-0.537925,-1.012822,-0.334729,-0.550599,-0.251036,-0.062055,-0.174253,0.077526,-0.162967,-0.096837,-0.174054,0.026550        
0.246618,-0.682230,-0.394660,0.231196,0.306608,-0.580678,-0.025812,-0.098984,-0.064006,-0.255867,-0.563993,-0.262095
0.850913,-1.157449,0.501562,0.072367,0.018840,-0.622319,-0.171984,0.020494,-0.052846,0.261029,-0.294930,0.022313
0.926955,-0.740667,0.204526,-0.116573,-0.132216,-0.663417,-0.080774,-0.000025,-0.757495,-0.199386,-0.009149,0.128733
2.010725,-0.594740,0.528090,0.019278,0.213435,-0.063444,-0.078959,0.209679,-0.170724,0.023463,-0.185783,0.098144
1.724190,-0.534855,0.509804,-0.011019,0.048972,-0.110465,-0.232239,-0.014531,-0.452840,0.009039,-0.265620,0.183213
1.687430,-0.502799,0.557348,-0.260629,-0.051828,0.192367,0.125989,-0.269370,-0.550714,-0.028508,-0.249602,-0.030988
1.723553,-0.339733,0.009630,-0.621530,-0.020937,-0.288782,0.122989,0.118735,-0.294112,0.036769,-0.352283,0.113255
1.327074,-0.906593,0.246397,-0.495751,0.322868,0.371362,-0.036776,0.048048,-0.088318,0.038432,-0.064683,0.180930
1.763285,-0.830019,0.307538,-0.365350,-0.198811,-0.231268,0.329127,0.403491,-0.007480,0.167263,-0.251036,0.189967
1.501521,-1.098222,0.434459,-0.707041,-0.129148,0.106824,0.130856,0.383665,-0.348267,-0.172427,-0.079119,0.265538
1.271806,-1.062848,-0.338243,-0.388917,-0.101545,-0.413469,0.146764,-0.023802,0.218035,0.190112,-0.312344,-0.120296
3.291080,0.489478,0.994368,0.251282,0.151248,-0.040877,0.084664,0.010500,-0.193523,-0.233925,-0.039789,0.083677
6.238960,2.178347,2.517766,-0.052742,-0.428360,0.105411,-0.360988,0.639962,-0.263150,0.011894,0.256771,0.054306
7.041619,1.301406,3.098622,-0.565965,-0.305393,-0.038063,-0.188857,0.382947,-0.369398,0.309654,-0.010845,0.074234
6.659034,1.077495,2.717347,0.476727,-0.916024,-0.148253,-0.369743,0.497506,0.103392,0.044058,-0.130512,0.014468
7.905627,1.876126,1.638416,-0.093384,-0.349217,0.122946,-0.277902,0.094336,-0.111177,0.047496,-0.096644,0.121447
7.336827,2.794151,0.944015,-0.302287,-0.121769,-0.342517,-0.125824,0.368277,0.070529,-0.035661,0.016820,0.028692
6.421172,3.226931,0.923658,-0.551043,-0.448103,0.064302,-0.168082,0.290622,0.009294,0.021867,-0.208437,-0.092022
5.585140,3.661530,0.844438,-0.439490,-0.204511,-0.123017,-0.121142,0.348867,-0.241046,-0.371564,0.281496,-0.073474
5.906981,2.470484,0.608097,-0.256611,-0.369161,-0.156931,-0.141356,-0.292302,-0.215332,-0.101529,0.079776,-0.034362
5.492426,2.036425,1.149268,0.248278,0.005274,-0.254691,-0.202132,-0.256805,-0.125850,0.091914,0.148572,0.134305
1.473825,3.823842,1.661524,0.641549,-0.090446,-0.578959,-0.532593,-0.034308,-0.457279,-0.053522,-0.109914,0.114083
1.072655,2.552406,1.477700,0.504171,-0.093665,0.014085,0.091836,-0.174249,-0.522599,0.154680,0.191547,0.043308
-1.273262,1.922970,1.117027,0.356640,-0.442791,-0.544307,-0.622098,-0.538081,-0.399649,0.109543,0.180339,0.165612
-3.528825,1.250059,1.122124,-0.125876,-0.118279,-0.799740,-0.361384,-0.012366,-0.381027,-0.141747,-0.418802,-0.074118        
-4.555190,0.792266,1.055711,0.150904,-0.194571,-0.778516,-0.670605,-0.134193,-0.564890,-0.005008,0.171750,0.186394
-4.763248,0.111886,1.217216,0.659837,0.571479,-0.000274,0.007119,0.064416,-0.275047,-0.066800,-0.198746,-0.071334
-4.661337,-0.071216,0.458332,0.379870,0.058970,-0.456045,-0.207240,-0.232305,-0.478678,0.177221,-0.175743,0.240819
-4.142975,-0.170928,0.583626,0.485604,-0.213207,-0.281899,0.107622,0.301877,-0.317110,0.082902,-0.230440,0.258852
-4.139784,-0.440155,0.416234,0.462674,-0.401599,-0.474008,-0.296449,0.093333,-0.183075,0.099083,-0.216451,-0.023577
-3.512855,-0.003404,0.636726,0.799461,-0.367223,-0.553979,0.199622,0.415266,-0.214963,-0.044354,0.160583,0.119284
-3.876801,-1.161578,0.478560,0.292978,0.304757,-0.267065,0.013705,0.069384,-0.176586,-0.141829,-0.133036,-0.040746
-3.769252,-1.301677,0.272759,0.061635,-0.207103,-0.321291,-0.168290,0.167910,-0.133347,0.116263,0.032357,0.336415
-2.725467,0.105313,0.933932,0.352040,0.208523,-0.469986,0.111803,0.156417,-0.309209,0.104236,-0.226012,0.034513
-2.627781,-0.507445,0.365164,0.334263,0.413627,-0.033674,0.167993,0.002543,-0.139617,0.390726,-0.086269,0.069687
-2.451897,-0.740501,-0.103375,0.354064,0.120562,-0.258021,-0.029229,0.427675,-0.072209,0.213591,-0.218414,0.018100
-2.098901,-0.375115,0.680420,0.129514,0.293974,0.165356,-0.067212,-0.196152,-0.114828,0.035416,-0.009818,0.300104
-1.739297,-0.706048,-0.543477,-0.374163,-0.020798,-0.430102,-0.362180,-0.209080,-0.311995,-0.217759,-0.401158,0.023789       
-1.143262,-0.321393,0.812700,0.266906,-0.040941,0.025012,-0.255818,-0.008147,-0.541414,0.071612,-0.035299,-0.079163
-1.151861,-0.945494,0.561207,-0.070518,0.310699,0.224628,-0.069219,-0.003736,-0.462245,0.124381,-0.012610,-0.005250
-0.726858,-1.036300,0.150891,-0.322742,-0.180783,0.088699,0.370009,-0.129672,-0.470009,-0.150082,-0.339719,0.038595
-0.362841,-0.808967,0.094603,-0.175068,-0.736415,-0.292615,0.332230,-0.010485,0.026674,0.190542,-0.081929,0.134411
0.055155,-0.928765,0.306596,-0.089284,-0.517829,-0.187309,0.083434,-0.186169,-0.434482,-0.089522,-0.319667,0.172336
0.934972,-0.764985,0.416252,-0.021215,0.441563,-0.036603,-0.236974,0.192100,-0.354093,0.209428,-0.137083,-0.001724
0.843089,-0.593320,0.499532,-0.164136,0.056055,-0.281947,-0.271178,0.231892,-0.223002,-0.083256,-0.090876,0.066623
1.315776,-0.967242,0.102786,-0.050180,-0.159140,-0.200040,0.544974,0.606794,-0.093262,-0.058377,-0.044063,0.263373
1.694056,-0.408371,0.287056,0.223584,0.140462,-0.715884,-0.347952,0.256636,-0.368587,-0.140945,-0.389823,-0.029526