-1.630698,-0.994675,0.629302,0.387316,0.279048,0.088734,0.301277,0.541275,-0.182577,-0.061426,-0.041481,-0.049309
-1.071171,-0.816518,0.454517,0.324875,-0.390052,-0.268601,0.486077,0.095866,0.042667,0.060337,-0.332490,-0.044584
-1.033855,-0.879572,0.629243,0.201649,-0.303276,-0.206057,0.335675,0.320403,-0.238212,0.024841,-0.170546,0.030779
-0.877538,-0.848631,0.257621,-0.433389,-0.003850,0.120943,0.380561,0.369082,-0.377426,-0.024239,-0.330338,-0.033395
0.097779,-0.715834,0.306005,-0.491468,-0.357688,-0.473858,-0.267996,0.037929,-0.217829,0.190100,-0.305550,-0.104797
0.519640,-0.419387,0.195009,-0.193958,-0.430272,-0.132940,0.377331,0.067261,-0.310657,-0.366843,-0.159805,0.059061
0.646337,-0.322349,0.451139,0.209577,-0.295858,-0.018837,-0.154272,-0.136537,-0.274677,0.402031,0.226052,0.149008
0.755436,-0.498007,0.435201,0.410436,-0.133527,-0.135631,-0.096793,0.339769,0.186937,0.287265,0.196816,0.172507
1.206919,-0.511396,0.578910,0.370177,0.124453,-0.205830,-0.224226,-0.172666,-0.547610,-0.030784,-0.263989,0.022547
0.943123,-0.193559,0.742582,0.573538,-0.049877,-0.694071,0.013460,0.594087,0.197944,-0.042089,-0.023500,0.001794
0.891859,-0.833436,0.418177,0.045689,-0.174529,-0.551755,0.159904,0.090115,-0.332580,-0.024688,-0.197123,0.272127
0.783511,-0.680020,0.049756,0.012048,-0.193596,-0.350047,-0.202306,0.054290,-0.123031,0.125142,-0.098014,0.095917
0.838197,-0.513803,0.624813,0.192078,0.085441,0.024665,0.200949,0.159349,-0.220071,-0.166883,-0.389580,0.004822
0.672710,-0.196293,0.664378,0.175763,-0.094269,-0.241934,0.436799,0.434631,-0.152956,-0.282450,-0.258977,-0.011987
5.116139,-0.586532,2.430433,-0.099805,0.280100,-0.160217,-0.029601,0.324589,-0.129893,-0.248742,-0.092584,0.164486
7.893204,0.961479,2.259265,-0.109869,0.553973,0.039379,-0.371503,0.175335,-0.084679,0.170082,-0.015867,0.117228
6.818199,1.927742,2.546042,-0.081691,0.034749,-0.197689,-0.065892,0.652946,-0.192292,-0.123766,0.019449,0.130364
8.159792,2.178311,0.889799,-0.109756,-0.312989,-0.126363,-0.081555,0.078738,0.074276,-0.003544,0.020386,0.255811
6.624523,2.739095,1.200705,-0.192493,-0.313222,-0.308736,0.164404,0.306597,-0.091978,-0.151627,0.090656,0.073740
4.930235,2.614731,1.006575,-0.153602,0.063767,0.057435,0.139920,0.145985,-0.143850,-0.155469,-0.065531,-0.048203
2.718282,3.107204,1.809147,0.711516,0.366951,0.069336,-0.395314,-0.151800,-0.162722,-0.110418,-0.014157,0.107089
2.602797,2.141075,1.362042,0.391190,0.153542,-0.135193,-0.239597,-0.095788,-0.122765,-0.022858,0.013556,0.020278
2.827115,1.293479,0.395198,-0.354047,-0.461355,-0.365670,-0.055265,-0.143556,-0.109554,0.066533,-0.087187,0.005261
-3.298417,1.445837,1.061591,0.193930,-0.310787,-0.496017,-0.219615,-0.165931,-0.211090,0.111834,0.159347,0.169300
-5.316380,1.014918,1.302942,0.230486,-0.610470,-0.494619,-0.095165,0.175853,-0.599527,-0.110721,-0.109303,0.150452
-5.037302,0.811291,-0.037764,-0.393499,-0.333305,-0.384037,-0.024898,-0.106823,-0.282786,-0.240564,0.107129,-0.005933        
-5.781084,-0.344239,0.859878,0.134552,0.226280,-0.041534,-0.544130,-0.114885,-0.277996,0.176456,0.089443,0.299470
-5.757156,-0.278687,0.836958,0.150225,-0.682405,-0.500400,-0.372821,-0.228843,-0.253110,0.048039,-0.091618,0.063951
-6.246480,-0.770443,0.436933,0.416343,0.115166,-0.460364,-0.368037,0.106867,-0.218936,0.104773,-0.050513,0.186541
-4.172396,-0.237505,0.409027,-0.244800,-0.239207,0.224655,0.261828,0.468726,-0.048427,0.177059,0.002989,-0.026545
-4.762601,-0.234117,0.886850,0.248750,-0.372325,-0.245864,-0.045110,0.168766,-0.170482,0.188282,-0.217993,-0.098622
-4.593597,-0.581813,0.754752,0.454784,0.175332,-0.279802,0.008444,0.190941,0.300803,0.498569,-0.105967,-0.095789
-3.425260,-0.152197,0.824368,-0.143721,-0.079007,0.228784,0.496707,0.100185,-0.168622,0.273463,-0.207041,-0.100784
-2.886741,0.013636,0.636420,-0.079845,-0.213069,0.045309,-0.198050,-0.138034,-0.043457,-0.142193,-0.047486,0.225566
-2.839876,0.237375,0.835164,0.265025,-0.123201,-0.067030,-0.195003,0.071868,-0.357909,0.170699,-0.034612,0.090815
-2.921428,-0.275709,0.700149,0.739420,0.121424,0.128897,0.154580,-0.027757,-0.052317,0.239346,-0.120104,0.190872
-2.759059,-0.026966,0.840380,0.744867,0.141117,-0.348542,0.229027,-0.185130,0.259455,0.235397,-0.229647,-0.128660
-2.650651,0.158443,0.940173,0.743820,0.114363,0.052696,0.098205,0.329864,0.017388,0.071310,-0.141202,-0.066085
-2.652547,-0.255542,0.573851,0.032512,0.343535,0.032736,-0.140758,0.137422,-0.156715,-0.089801,-0.146606,0.009951
-1.162122,-0.140398,0.320935,-0.082208,-0.049992,-0.368257,-0.350286,0.149542,0.213742,0.332964,0.257791,0.079717
-1.409177,-0.396919,0.623221,0.531627,0.226749,-0.127850,0.129041,0.416720,-0.267031,-0.121682,0.073636,0.154944
-1.145270,-0.441140,0.533089,0.134151,-0.802098,-0.787033,-0.320121,-0.155698,-0.258601,-0.175789,-0.178736,0.159112
-0.347928,-0.482026,0.671387,0.540269,0.083863,-0.323706,-0.110292,-0.053885,-0.057106,0.041609,-0.074810,0.120826
-0.787029,-0.486397,1.156506,0.495174,-0.210251,-0.256890,-0.045825,-0.125182,-0.129894,0.389395,-0.179272,0.210925
0.146794,-0.821513,0.399982,0.270466,-0.132320,-0.434808,-0.212478,0.243147,0.086212,0.153079,0.024297,0.125149
0.305994,-0.609957,0.356968,0.218467,-0.087451,-0.377907,-0.029029,0.013374,-0.165234,-0.075662,-0.147931,0.084994
0.306653,-0.395265,0.402260,0.362175,-0.149441,-0.668956,-0.247000,0.080761,-0.786057,0.024208,0.027042,0.244856
0.624520,-0.280808,0.751895,-0.224904,-0.402803,-0.321191,0.038233,0.356399,-0.686445,-0.215757,-0.335575,0.002218
0.733556,0.113247,0.234831,-0.277951,-0.500721,-0.319865,-0.233897,-0.009865,-0.233195,-0.063459,0.129565,0.124387
0.895491,-0.333270,0.242353,0.024724,-0.512797,-0.064305,-0.029595,0.004009,0.097326,0.297783,-0.228577,0.179228