-1.162373,0.323721,0.572356,0.924823,0.033700,0.185080,0.549147,0.198436,-0.221952,0.200064,-0.332058,0.204849
-1.157365,-0.531972,0.079791,0.384330,-0.321962,0.102196,-0.103595,0.225318,-0.205909,-0.018200,-0.122885,-0.160208
-0.971894,-0.459138,0.232029,0.180297,-0.049047,-0.059958,0.117283,-0.004689,-0.405405,0.130041,-0.051832,-0.036186
-0.357184,-0.327189,0.573973,0.012438,-0.253516,-0.293764,0.060604,-0.084750,-0.016315,-0.098016,-0.434288,0.246842
-0.370237,-0.801314,0.167056,0.126183,-0.419098,-0.049728,-0.309919,-0.016243,0.026720,0.024661,0.082060,0.160086
0.221406,-0.588988,-0.169779,0.723513,-0.010375,0.011743,0.405977,0.551101,0.307213,0.246997,-0.099961,-0.237095
0.388082,-0.402532,0.156695,-0.038200,-0.115439,-0.021907,0.275939,-0.122049,-0.259969,0.086891,-0.090706,0.013087
0.038836,-0.641228,0.275869,0.494535,0.120651,-0.256563,-0.293948,0.269356,-0.163217,0.108754,-0.071284,0.150505
0.454653,-0.671804,0.705221,0.247904,0.304721,-0.019539,0.355698,0.535839,-0.406066,-0.059669,-0.216276,0.041404
0.127890,-0.825363,0.157843,0.275924,-0.090123,-0.207430,-0.150207,0.034212,-0.422916,0.070095,-0.309991,-0.158904
0.516535,-0.668600,0.313948,0.134247,-0.249273,-0.272282,-0.010115,0.228202,0.039287,0.259974,0.123290,0.012757
0.616115,-0.654735,0.511964,0.344947,-0.101587,-0.136911,0.014721,-0.094151,-0.196225,0.089679,-0.212540,-0.065067
0.171428,-0.712730,0.565860,0.180274,-0.069435,-0.002664,0.295070,0.314018,-0.004383,0.078528,-0.212345,-0.186211
0.097296,-0.741914,0.434678,0.541909,-0.453745,-0.303274,-0.235826,-0.250626,-0.184535,0.536671,0.350835,0.071227
0.533358,-0.238467,0.465705,0.255676,-0.152411,-0.403590,-0.014443,0.225923,-0.160375,0.197253,-0.211214,-0.155459
0.436168,-0.965141,-0.295648,0.174585,-0.119922,-0.308130,0.157403,0.255321,-0.224832,0.135213,-0.094529,-0.275042
0.681929,-0.024964,0.718507,0.324923,-0.417076,-0.515627,0.136684,0.335006,-0.266283,0.027863,-0.170526,0.119795
0.368715,-0.675364,0.163788,-0.197215,-0.222697,-0.447622,0.103116,0.185947,-0.339126,0.190754,-0.080158,-0.042029
0.128914,-0.880000,0.304988,-0.277940,-0.510760,-0.116667,0.303467,0.106217,-0.455447,-0.144974,0.100627,-0.134563
0.516457,-0.429386,0.412293,0.086748,0.174820,-0.360483,0.117594,-0.324665,-0.594485,0.085902,-0.002938,-0.035859
0.244570,-0.924608,-0.211651,-0.097015,-0.183611,-0.209493,0.175920,-0.105165,-0.154619,-0.160650,-0.090728,0.095295
5.025362,1.900063,1.059855,0.438213,0.019734,0.041813,-0.369437,0.114785,-0.273228,-0.028247,-0.051056,0.152937
5.614148,2.538725,2.144940,0.082366,-0.595267,-0.201430,0.049694,0.012793,-0.445023,0.184635,0.062373,-0.002473
7.550223,0.906900,2.445733,-0.192098,-0.064201,0.243200,-0.690801,0.350600,-0.448856,-0.053280,-0.109301,-0.056984
7.761150,0.501071,2.152203,-0.280740,0.403253,0.002394,-0.369690,-0.004852,-0.377464,0.330682,-0.055565,0.149532
7.966867,2.091604,1.142394,-0.315353,-0.309380,-0.316518,-0.207170,-0.176967,-0.183810,0.293809,0.006522,0.226298
8.903702,1.842945,0.534935,-0.256950,-0.429838,-0.355094,-0.041286,0.243144,0.064128,0.153040,-0.104021,-0.164879
5.258430,4.045649,1.295605,-0.370737,-0.167751,-0.480321,-0.001408,-0.103596,-0.265049,-0.091126,-0.056754,0.269386
5.116229,2.616738,1.255416,0.034900,-0.391529,-0.214236,0.067679,0.259220,-0.405973,-0.014684,-0.154817,0.100187
4.445327,2.171598,0.998843,0.468917,-0.304460,-0.321981,-0.292027,-0.000041,-0.395799,0.176978,0.078350,0.198723
2.786555,2.300511,1.285988,0.557165,0.156872,-0.088423,-0.092840,-0.009832,0.037601,0.261577,0.047176,0.031684
1.104949,2.383067,1.227574,0.307072,0.200348,-0.289986,-0.302029,-0.011111,-0.309291,-0.123784,-0.012406,0.199976
-2.121017,1.087679,0.989308,0.477734,0.108322,-0.249335,-0.216692,0.284100,0.329845,0.167513,-0.134885,0.272693
-3.268173,0.132520,0.751091,-0.185644,-0.100192,-0.483289,0.191521,0.208397,-0.095138,0.204009,-0.001805,-0.136808
-3.736417,-0.271736,0.448673,0.618244,0.091786,-0.295442,-0.128977,0.060336,-0.013409,0.148680,-0.306859,0.050211
-2.549916,0.384587,0.520049,0.379914,-0.279333,-0.255632,0.487627,0.237868,-0.321401,0.022144,-0.176960,-0.043091
-2.203336,0.480504,0.467811,0.274028,-0.115168,0.061400,-0.042600,0.014473,-0.187490,-0.037665,-0.027564,-0.165232
-2.580576,-0.034352,0.554353,0.648847,0.045644,-0.059290,0.149933,0.434794,-0.066298,0.104241,0.038174,0.145507
-2.007640,0.113287,0.767792,0.095106,-0.050272,0.266997,0.497896,0.114372,0.170749,0.356320,-0.066452,0.260562
-1.786060,-0.684069,0.226637,0.347304,-0.149597,-0.003863,0.190371,-0.157473,-0.311513,0.063137,-0.172081,0.256842
-1.954886,-1.395210,0.328700,0.299878,0.352709,0.180088,0.279042,-0.075067,0.272040,-0.050848,-0.359639,-0.097156
-0.740518,-0.521519,0.748858,0.209153,-0.421432,-0.084595,0.015579,-0.172759,-0.142337,0.360916,-0.220171,-0.158737
-0.764884,-0.390814,0.662966,-0.128130,-0.260954,0.115830,0.055642,0.461222,-0.298015,0.079676,-0.216502,-0.060803
-0.615255,-0.416522,0.190155,0.261352,-0.142160,0.094130,-0.061965,0.024155,-0.437679,-0.425409,-0.132992,0.133237
-0.427941,-0.712319,0.276120,-0.225889,-0.018515,0.080157,-0.246757,0.096551,0.062958,0.056164,-0.217191,0.193189
-0.040103,-0.875613,-0.110639,-0.351412,-0.545011,0.092680,0.051560,0.088760,-0.176973,0.144250,-0.058340,0.094889
0.078615,-0.497033,0.764399,-0.123438,-0.149742,0.134395,0.252088,0.128359,-0.258496,-0.134234,-0.465642,-0.445156
0.078591,-0.626256,0.174370,-0.098764,0.229840,-0.006031,-0.130157,0.180944,-0.264740,-0.247146,-0.249730,-0.379746
0.184890,-0.467304,0.469237,0.009774,-0.055110,0.045184,0.301785,0.363663,0.057895,0.141392,0.123135,0.013955
0.714999,-0.213777,0.600015,0.244023,-0.149325,-0.346670,0.038567,0.392539,-0.244895,-0.055808,-0.101131,-0.095937