-2.041557,0.085334,0.594201,0.719483,-0.302543,-0.591345,0.298862,0.413078,0.406635,0.169593,0.134679,-0.102819
-1.444057,-1.038842,0.685790,0.359243,-0.370947,-0.390504,0.267230,0.274118,-0.215622,0.501428,0.168219,0.006218
-0.179322,-0.331552,0.847989,0.094405,0.121229,-0.136110,-0.177299,0.170732,-0.045301,0.251309,-0.129173,0.003045
0.344457,-0.237362,0.401245,-0.185396,-0.203620,-0.359280,-0.139279,0.023356,-0.335682,-0.172764,-0.375905,-0.097398
-0.366735,-0.390515,0.434426,0.017460,-0.648025,-0.308447,0.005144,-0.057476,-0.321265,0.381568,-0.065434,0.185999
-0.220258,-0.725305,0.285973,-0.205341,-0.277094,0.068805,0.315007,0.210287,0.021968,-0.092783,-0.074998,0.196585
0.481253,-0.249972,0.243776,-0.220756,0.394575,0.659549,0.420300,0.356760,-0.087840,-0.144018,-0.014808,0.113684
0.628157,-0.849254,0.928718,0.391847,-0.143343,-0.033353,-0.035007,0.091064,-0.297797,-0.179972,-0.275785,0.054444
0.159515,-0.857120,0.647759,0.196215,-0.395645,-0.183500,0.131291,-0.104220,-0.215800,0.077023,-0.271192,0.096046
0.753525,-0.413872,0.410848,0.342847,-0.507203,-0.145673,0.171843,0.041526,0.030641,0.141478,-0.311850,-0.113971
3.428089,-1.460497,1.231124,0.246488,-0.070666,0.391497,0.010220,0.004724,-0.504160,-0.086786,-0.193052,-0.119137
8.295872,0.486099,2.278465,-0.035241,-0.308315,0.253327,-0.113985,0.310281,-0.179993,0.272409,0.156837,-0.045040
8.019710,0.347071,1.827459,-0.025211,-0.029408,0.206777,-0.201500,0.167576,-0.153403,-0.076332,-0.314370,-0.166116
7.743915,1.802292,1.565006,-0.231832,-0.845232,-0.082025,-0.298078,0.400890,-0.316584,0.089302,0.109329,0.156130
8.228990,1.968759,0.454922,-0.740211,-0.861667,-0.203410,-0.042705,-0.258040,-0.512592,-0.059798,-0.140342,-0.221529
6.291133,3.157942,1.152060,-0.000619,-0.393043,-0.046407,-0.180567,-0.042747,-0.016154,-0.039266,-0.157140,-0.330190
5.387720,3.089388,1.552902,0.666145,-0.247195,-0.264302,-0.198365,0.110166,-0.174693,-0.211337,-0.147964,-0.059350
5.014012,2.405464,1.604165,0.859308,0.411901,0.115900,-0.029874,-0.216200,-0.332309,-0.169093,-0.029649,0.061142
2.633039,2.857971,1.790999,1.119038,0.276601,-0.018915,0.080275,-0.072369,-0.247087,-0.073113,-0.067603,-0.111181
0.055812,2.114216,1.231174,0.451914,0.124834,-0.176131,-0.188407,0.103756,0.008071,0.044430,0.002184,-0.120919
-1.675230,1.654029,1.126464,0.473752,0.161546,-0.145164,-0.130947,0.094887,-0.611370,-0.100394,-0.167487,-0.076037
-2.324330,0.715062,1.049382,0.204098,0.128078,-0.137262,0.355209,0.072372,-0.314290,0.022195,-0.167058,-0.141510
-2.733137,0.685033,0.988296,0.248850,0.162705,-0.145329,-0.367718,-0.161976,-0.479821,0.051404,-0.403196,-0.092420
-3.513316,0.159143,1.030103,0.061081,0.244585,-0.097643,-0.280446,-0.028897,0.005274,0.012710,0.130021,0.283948
-2.840109,-0.181996,0.686111,0.315531,-0.129543,-0.268288,-0.371157,0.064392,-0.460680,0.074161,-0.173806,0.026805
-2.263892,-0.204639,0.418671,0.175317,-0.138332,0.143973,0.228975,0.045571,-0.138293,0.208771,-0.042676,-0.013815
-2.514112,-0.299601,0.227485,-0.034191,0.158718,0.171150,0.212691,0.430161,0.031174,0.086711,0.023739,0.049950
-2.104944,-0.550394,0.462369,0.079068,0.010382,-0.552376,-0.008337,0.106515,-0.325251,-0.091163,-0.060460,-0.081211
-1.386801,-0.183943,0.441221,0.549768,0.249141,-0.007373,0.213713,-0.019731,-0.211188,0.145416,-0.184995,-0.076101
-1.346817,-0.739103,0.277593,-0.317645,-0.360278,-0.041358,-0.135756,-0.061426,-0.159725,-0.034484,-0.068105,0.188702        
-0.998500,-1.070322,0.117632,-0.187081,-0.396448,-0.026989,-0.379015,-0.146351,-0.472367,-0.114102,-0.119584,-0.177265       
-0.011362,-0.458479,0.315923,-0.350387,-0.692309,-0.611649,-0.640732,-0.142617,-0.313492,-0.280750,-0.049783,0.266573        
0.445947,-0.020801,0.904898,0.397516,0.102820,-0.283158,-0.135411,0.160568,-0.581468,-0.092381,0.240726,0.077245
0.671613,-0.495714,0.573767,0.356451,0.522028,0.151075,-0.219972,0.026586,-0.156438,-0.008017,-0.055167,-0.185053
0.996915,-0.077662,0.938444,-0.068996,-0.047187,-0.463849,0.150403,0.185560,-0.158508,0.173611,-0.241638,0.285026
0.949881,-0.000098,0.101375,-0.285681,-0.196976,-0.413023,0.036785,-0.102742,-0.115022,0.471249,-0.076621,0.175951
0.471021,-0.679830,0.208173,0.185662,-0.026373,-0.117361,0.082449,-0.127841,-0.117867,0.176846,-0.211155,-0.049128
0.422886,-0.946167,0.212149,0.496908,0.559564,-0.190573,0.442338,0.167883,-0.263066,0.185261,-0.113623,0.139032
0.950732,-0.289657,0.354074,-0.335979,-0.369749,0.063535,0.395281,0.003184,-0.106771,0.381983,-0.212493,0.015084
0.681495,-0.553064,0.345091,-0.191759,-0.456204,-0.176987,0.271725,-0.206094,-0.439375,0.035880,-0.175184,0.097298
0.543968,-0.417501,0.266876,-0.253877,-0.149080,-0.340615,-0.127945,0.141350,0.164975,-0.153056,-0.079562,0.196230
0.498799,-0.662833,0.414286,0.119345,0.092673,0.416698,0.279940,0.218135,-0.418961,-0.056887,-0.191429,0.038352
0.287134,-0.290127,0.544993,-0.309395,-0.265143,-0.432037,-0.217046,0.134933,-0.310330,0.257447,-0.282025,0.058671
0.554848,-0.737858,0.723950,0.587770,-0.150064,-0.248832,0.000091,0.151886,-0.229488,0.152559,0.017622,-0.129254
1.269766,-0.133863,0.130130,0.577634,0.204847,-0.206956,0.392601,0.208975,-0.092894,0.021985,-0.190712,0.300402
1.571510,-0.094180,0.522444,0.592255,-0.079293,-0.454431,0.152373,0.591065,-0.228433,0.007509,-0.196333,0.178780
0.288380,-0.935498,-0.011024,0.016141,-0.310274,-0.058700,-0.235477,0.072404,-0.100216,-0.099671,-0.134283,0.170282
0.735742,-0.101796,0.569905,0.124300,-0.194822,-0.453826,-0.509937,-0.323015,-0.364073,-0.175034,-0.019977,0.204891
0.377362,0.015841,0.880758,0.378485,0.016500,-0.000179,0.105580,0.418898,-0.183167,-0.074199,-0.015583,0.290910
0.969768,-0.251104,0.270930,-0.029215,-0.238277,-0.059404,0.154268,-0.201691,-0.086999,-0.155082,-0.013443,0.033628