0.519101,-0.480645,1.630651,0.265361,-0.064947,0.014631,-0.257532,0.479365,0.197122,0.128985,0.065559,0.109733
1.037575,-0.573562,1.328643,0.136176,-0.181682,-0.122806,-0.165024,0.326385,-0.073722,0.001806,0.030298,0.035343
2.721315,-0.310118,0.859307,1.641183,-0.709458,-0.893901,0.580784,0.137940,-0.439783,-0.286768,-0.036079,0.371486
1.901903,-0.854766,0.460167,0.333436,0.039783,0.002119,0.315495,0.181865,-0.485488,-0.382936,0.002046,0.106796
1.281488,-0.240746,0.645048,-0.035336,-0.070504,-0.098220,0.133367,0.328246,0.092188,-0.315918,0.141252,0.469529
1.112498,-0.006163,0.623981,0.024342,-0.145357,-0.240333,-0.072906,0.234106,-0.296668,0.025960,-0.060598,0.077991
1.070237,-1.013717,0.654284,1.066046,-0.030489,0.243722,0.040503,0.205702,-0.121697,-0.060893,-0.449789,-0.207660
0.853099,-0.879610,0.479513,-0.098142,-0.036265,0.001551,0.356756,-0.054933,-0.146657,0.316718,-0.117719,-0.214375
0.178850,-1.124915,-0.172806,-0.805999,0.204553,-0.125742,-0.204004,-0.110985,-0.156739,0.046494,-0.228455,-0.061394
0.261889,-1.281393,0.228566,0.320146,0.422378,0.416411,0.510243,0.188099,-0.222916,-0.079085,-0.368825,-0.084410
1.069000,-0.523028,1.193621,0.525937,-0.269174,-0.077659,-0.054810,0.003969,0.218289,0.163924,0.062733,0.021345
1.075900,-0.076563,1.049871,0.301918,-0.215351,-0.299325,-0.163009,0.267168,0.175965,0.260800,-0.120548,-0.043334
0.670138,-0.512476,0.631801,0.006417,-0.011799,-0.431952,-0.365280,0.192312,-0.194411,0.178961,0.049944,0.227080
0.423488,-0.625777,0.500352,-0.107836,0.457943,-0.158483,0.033561,0.126709,-0.503275,-0.001626,-0.005569,-0.050525
1.477640,-0.188489,0.392840,-0.140753,0.132058,-0.159087,0.449270,0.481625,-0.406667,0.021615,-0.417113,0.080941
1.452470,-0.302639,0.669754,0.416834,0.015973,-0.352598,-0.069931,0.410668,-0.242566,0.036612,-0.442006,-0.101293
0.915151,-0.562657,0.677648,0.056666,-0.198610,-0.501604,-0.414154,0.119938,-0.430417,0.148128,0.202246,0.291142
0.988527,0.033453,1.009911,0.582177,0.287617,-0.234283,-0.050067,0.395368,-0.114437,0.045422,0.265102,0.314413
0.777588,-0.241772,0.990793,1.142963,0.713491,-0.059118,0.046861,0.416386,-0.146879,-0.103861,-0.222897,0.028899
0.953526,-0.337110,0.711649,0.259606,0.037972,-0.087848,0.167320,-0.021408,-0.147655,0.231814,-0.142274,-0.023653
1.850587,-0.319507,0.338865,0.033728,-0.560919,-0.132541,0.466790,-0.003194,0.067529,0.459586,-0.067988,-0.090056
4.504782,-1.599645,1.762374,0.207717,-0.208136,-0.393397,0.185401,0.149586,-0.493952,0.414393,-0.185288,0.138151
7.490213,-2.211396,2.482171,0.538925,0.183346,-0.068589,0.272745,0.583201,-0.312178,-0.110272,0.017871,0.112515
6.715291,-0.011424,2.950003,0.619408,-0.213560,-0.040856,-0.775394,0.146032,-0.167003,-0.117237,-0.046331,-0.063365
6.629443,-0.930267,3.660240,1.003254,0.057166,-0.600452,-0.491308,0.244081,-0.110788,0.199567,-0.179930,0.147566
8.026404,-1.508119,2.828423,0.340561,0.107663,0.726222,-0.400167,-0.045072,-0.290321,-0.120210,0.125694,-0.105482
9.083899,-0.143358,2.636385,0.004740,-0.223263,-0.468136,-0.339757,0.159227,0.058375,-0.248038,-0.173775,-0.016789
9.111247,1.599739,1.595922,-0.404450,-0.205115,-1.260564,-0.499032,0.606473,0.502269,-0.244883,-0.069397,0.470068
10.422059,1.549192,0.303387,-0.512660,0.089642,-0.307102,-0.333385,-0.219069,-0.152806,0.068730,-0.096810,0.194143
8.566994,2.492304,0.975704,-0.647706,-0.100683,-0.767821,-0.310267,0.026421,-0.014217,-0.023716,-0.067015,0.022267
7.330027,2.883363,1.007189,-0.510030,-0.135461,-0.630366,-0.573637,0.366483,0.381089,0.119626,-0.144396,0.098952
8.133762,1.704249,0.619293,-0.361584,-0.182134,-0.670557,-0.258562,-0.035512,0.542866,-0.097343,-0.068395,-0.035341
7.964566,1.655352,0.449749,-0.220589,0.305764,-0.581121,-0.005928,-0.119867,-0.022809,-0.322402,-0.410572,0.085135
5.928845,2.218508,1.675156,0.816139,0.040345,-0.899725,-0.474305,0.220012,-0.113370,-0.146467,-0.212639,-0.054594
5.344857,2.328387,1.631556,0.691139,-0.273987,-0.505882,-0.213873,0.151351,-0.298747,-0.075321,-0.058374,-0.026292
5.083726,2.388821,1.389696,0.646588,0.096819,-0.239321,0.054386,0.106177,-0.434457,-0.186298,0.130666,-0.071975
4.398087,2.356759,1.184571,0.784522,0.196805,-0.026005,-0.029502,-0.039527,-0.006110,-0.016805,-0.521865,-0.163753
3.151015,2.620384,1.329767,0.902015,0.181937,-0.336799,-0.025260,0.189585,-0.208713,-0.061765,-0.261197,-0.279760
1.701218,2.347695,1.504879,0.871386,0.603649,-0.660120,0.063923,0.018103,-0.328782,-0.089222,-0.103860,-0.207078
1.173670,1.476570,0.941014,0.498604,0.497516,-0.262669,0.026134,0.144407,-0.131848,0.017103,0.037909,0.113339
-1.739446,1.553861,1.474478,1.085513,0.710601,-0.741811,-0.316873,0.432691,-0.563305,0.277475,0.118609,-0.006039
-2.566730,1.079129,0.903098,1.455370,0.730789,-0.760255,0.147720,0.311950,-0.461860,-0.083879,-0.030858,0.034520
-3.937984,1.007329,1.339906,0.438034,-0.052357,-0.420579,0.301656,0.182922,-0.436372,0.328434,0.077378,0.183935
-3.931803,0.304667,0.711008,0.426957,0.025276,-0.396771,-0.186172,0.535272,-0.101305,0.274653,-0.030185,0.054342
-4.347272,0.023373,0.581967,0.346300,0.507584,-0.136556,-0.532899,0.268429,0.033249,-0.088949,-0.225287,-0.146709
-5.239900,-0.354169,0.779345,0.068808,-0.077334,-0.122581,-0.192706,-0.015950,0.151560,-0.066654,0.149273,0.135398
-5.033094,-0.420644,1.144749,0.338864,-0.017721,-0.082122,0.095628,0.605588,0.384890,0.339254,-0.080257,0.078194
-5.590958,-1.032442,0.771602,0.185613,-0.376627,-0.104505,0.144169,0.354888,-0.300406,-0.019829,-0.432381,-0.113288
-5.257402,-0.716794,0.998751,0.201092,0.487730,0.461034,0.296520,-0.062012,-0.268535,0.304866,0.044726,0.281891
-4.861946,-0.370176,0.879146,0.224769,-0.460884,-0.370127,0.049128,0.597069,0.074864,-0.108452,-0.055231,0.098854