0.978876,-0.100119,0.997202,0.432359,0.203877,0.047747,-0.025704,0.239098,0.194199,0.115214,-0.150218,0.314911
0.339116,-0.772017,1.184618,0.510890,-0.360951,-0.699584,-0.299067,0.005842,-0.074918,-0.138173,-0.295356,0.279329
0.230943,-1.320050,0.679641,-0.366873,-0.310466,-0.141760,0.147017,0.414969,0.458760,0.072490,-0.086256,-0.098057
-0.255078,-1.523170,0.490940,-0.415814,-0.688414,-0.160658,0.204518,0.161738,-0.251351,-0.045438,-0.239941,0.295659
0.408125,-0.488190,1.048387,0.247298,-0.077834,-0.062709,0.061565,-0.165287,-0.327145,0.056513,0.122463,0.007089
1.137581,-0.427995,1.149733,-0.539953,-0.009997,0.180617,0.323980,0.146580,-0.217248,0.277410,-0.054310,-0.080453
-0.126915,-0.937566,-0.126214,0.132776,-0.229159,-0.062674,0.367220,0.230599,0.328776,0.506514,-0.014705,0.234084
0.400178,-1.161574,0.020263,-0.406438,-0.208172,-0.474301,-0.328009,0.466855,0.201488,0.372986,-0.117374,0.036686
0.654316,-1.133016,1.038236,0.361868,0.104101,-0.403552,-0.329044,-0.224339,-0.398939,-0.127860,-0.422406,0.082244
0.985604,-1.086400,0.384197,-0.390155,-0.133753,0.047020,-0.532442,-0.139955,-0.354020,0.054671,-0.197269,0.084184
0.964324,-0.946460,0.546633,0.295203,-0.286202,0.054546,-0.237456,-0.102007,-0.234963,-0.026167,-0.278655,-0.036739
0.836731,-1.196729,0.416744,0.025136,-0.200202,-0.122397,-0.389238,0.283632,-0.124769,0.322757,-0.251621,-0.182282
0.569218,-1.333187,0.434247,-0.247943,-0.313582,-0.211108,-0.414057,0.247416,-0.433994,-0.092516,0.003628,0.110409
0.757985,-1.569560,0.718207,0.019936,-0.644696,-0.588668,-0.241867,-0.388942,-0.153812,0.183934,0.254092,0.169608
1.377254,-1.293113,0.371893,-0.284137,-0.614939,-0.253323,0.266760,0.083038,0.173919,0.207528,0.091191,-0.022618
1.327966,-1.478887,0.340504,0.267743,-0.377747,-0.517934,0.227597,-0.023708,-0.137355,-0.048001,-0.121506,0.022892
5.104198,-2.492529,1.690553,0.745355,-1.116495,-0.302703,0.746489,-0.114085,0.012257,0.089782,0.210202,-0.021034
7.127345,-1.829579,1.417860,1.388775,0.398922,-0.304758,-0.085370,-0.108286,0.123298,0.022873,-0.291112,-0.110868
7.010761,-0.738613,2.665339,1.211224,-0.503733,-0.889915,0.441905,0.068276,-0.486097,0.019649,-0.013763,0.157330
7.330420,0.218330,2.458529,0.163158,0.072830,-0.470693,0.154951,0.307191,-0.631953,-0.007175,-0.128132,-0.101632
7.608975,-0.386758,2.971676,0.319592,-0.296165,-0.769208,-0.104039,0.460905,-0.269943,-0.324277,-0.251719,-0.106026
6.512825,-0.566270,2.636338,0.596457,0.306725,-0.915732,-0.650393,0.879888,-0.026653,-0.149908,-0.066910,0.117283
7.421395,-0.935243,2.201122,0.211099,0.435353,-0.476152,-0.189287,0.658152,-0.484482,-0.073937,-0.343456,-0.027979
7.654096,0.779227,2.110935,0.034140,0.040587,-0.854063,-0.141952,0.612630,-0.072559,0.084992,-0.380008,0.085718
7.680357,2.152300,1.618565,-0.574750,-0.391259,-1.248044,0.126536,0.301128,0.673063,0.141774,-0.123558,0.217413
10.098849,1.866044,0.502423,-0.581884,-0.550452,-0.426013,-0.348427,-0.376411,-0.002584,-0.013868,0.044081,0.112783
8.449347,2.741070,0.405849,-0.255929,-0.461096,-0.369838,-0.021544,0.133698,0.064158,0.094800,-0.013122,0.072680
6.485671,2.694656,0.798880,0.085935,-0.062299,-0.442202,0.103922,0.381823,0.143945,-0.261906,-0.050373,0.035098
6.007113,3.104867,1.380242,0.543812,-0.804518,-0.304182,-0.573840,0.403967,0.049665,-0.045929,-0.173530,0.009089
4.837440,2.986441,2.088984,0.825890,-0.550649,-0.213002,-0.532145,0.323528,-0.358898,0.182928,-0.024849,0.068492
4.436172,2.546550,1.995421,0.451231,0.371369,-0.051054,-0.529099,0.243490,-0.518287,0.152119,0.000513,0.124898
3.417484,3.097122,1.809526,0.608076,0.056390,-0.069682,-0.533575,0.063568,-0.561511,0.218584,-0.000666,0.023798
3.055587,2.289617,1.906924,0.755527,0.009225,-0.141640,0.214752,0.139076,-0.472950,-0.115484,-0.088455,0.093001
1.808349,2.510594,1.574258,0.882265,-0.120451,-0.516156,0.358581,0.062859,-0.179978,-0.196024,0.055544,0.275757
0.128440,2.435228,1.447254,0.747313,-0.033732,-0.173518,0.144778,0.042946,-0.151289,0.172648,0.158851,0.230397
-1.301871,1.750098,1.771312,1.185858,0.227140,-0.211014,-0.080282,-0.212624,-0.346476,0.473431,0.254366,0.290135
-2.062550,1.446985,1.721275,0.981327,-0.133668,0.088701,0.084916,-0.226074,-0.126674,0.074899,0.024346,0.110116
-2.683655,0.758310,1.018741,1.341003,0.316693,-0.206505,0.320953,-0.068206,-0.339453,0.112415,0.164487,0.178533
-3.678832,0.460739,0.994173,0.829795,-0.485150,-0.437635,0.159211,-0.182313,-0.540915,0.107912,0.579840,0.180702
-3.349079,0.220109,0.284839,0.208127,-0.197157,0.086436,0.745342,0.101395,-0.268821,0.132809,0.332594,-0.125822
-3.683353,-0.584509,0.013344,0.453722,-0.429226,-0.636849,0.835338,0.137733,-0.857180,-0.010033,0.104499,0.033949
-3.505342,-0.656215,0.821897,0.584467,-0.361047,-0.343223,0.576794,0.401517,-0.799318,0.186376,0.138006,-0.155866
-4.580828,-1.160690,0.379306,-0.051557,-0.404651,-0.533654,0.039362,0.238114,-0.076175,0.101330,-0.033642,0.015526
-4.995582,-1.237173,0.806847,0.250982,0.037526,-0.524506,0.023597,0.080335,-0.248760,-0.013443,0.263749,0.245623
-4.500841,-1.118660,0.646482,0.013340,-0.301812,-0.567345,-0.146115,0.103385,-0.340512,-0.218663,-0.209960,0.006781
-4.116708,-0.676939,0.704311,-0.464260,0.382436,-0.218931,-0.000785,0.327570,-0.731722,-0.343800,-0.239558,-0.120506
-4.270736,-0.611507,0.867527,-0.214705,0.590981,0.104327,-0.150739,0.266623,-0.255254,0.076772,-0.136566,-0.037874
-4.133015,-0.983389,0.645490,0.043942,0.311559,0.219930,-0.220496,-0.174802,-0.170338,0.190204,-0.103611,-0.179412
-3.471199,-0.822535,0.659945,0.146755,-0.322580,-0.214884,0.015141,0.148852,-0.336997,-0.126883,-0.162365,-0.235893
-3.590284,-0.227983,1.165450,0.066878,0.012421,-0.269736,-0.194463,-0.020653,-0.238141,0.045992,-0.166744,-0.215139