0.828310,-0.631445,0.975861,-0.016954,0.149974,0.053585,0.172374,0.506005,-0.359614,0.108621,-0.080678,0.053978
0.456388,-1.022956,0.974449,0.111201,0.076254,-0.210488,0.075735,0.643286,-0.023661,0.381540,-0.098461,-0.080979
0.668730,-0.482970,0.885784,0.389157,0.217438,-0.287122,-0.242270,-0.066366,-0.131321,0.457049,-0.200490,-0.145899
0.724326,-0.886803,0.339626,-0.122111,0.186433,0.184219,0.264078,-0.201014,-0.399661,0.039177,-0.033318,0.165870
0.803192,-0.674124,0.740819,0.440253,0.317050,-0.352952,-0.154337,0.047590,-0.085577,0.384878,0.119344,0.009128
0.296566,-0.694401,0.616235,0.495372,-0.020845,-0.242053,-0.083879,0.058648,-0.051177,0.189689,-0.110979,-0.067011
0.841801,-0.765963,0.733256,-0.748298,-0.002118,-0.011503,-0.157695,0.313125,-0.265924,-0.209540,-0.143799,0.081307
0.236396,-1.447419,0.882571,-0.317245,-0.026271,-0.213077,-0.031239,0.124165,-0.024503,0.041523,-0.140614,0.170031
3.650331,-1.935152,0.130699,-0.268158,-0.187248,-1.008021,-0.340218,0.764021,-0.661301,-0.254781,-0.174686,0.206668
2.691921,-1.760855,0.502192,-0.100386,0.112075,-0.889768,-0.233959,0.785155,-0.573219,-0.231669,-0.140312,0.172628
0.709348,-1.091802,0.823822,-0.032082,0.032081,-0.158292,-0.336154,0.021439,-0.256589,-0.421651,-0.201226,-0.045025
0.911984,-1.180306,0.861219,0.211629,0.275726,-0.434801,-0.202468,0.194173,-0.330422,-0.039840,-0.371396,-0.214404
1.153173,-1.713237,0.737759,0.409688,0.168338,-0.093705,-0.055741,0.155157,-0.313332,-0.072081,-0.331167,-0.380663
1.514885,-0.877475,0.988371,0.037674,-0.228657,-0.272251,-0.371340,0.141443,-0.141951,0.189343,0.121132,0.041848
1.890175,-0.747620,1.648579,0.345154,-0.119528,0.193531,-0.818857,0.343966,-0.201693,-0.103271,0.046383,-0.078904
6.733370,0.178963,2.149868,0.316873,0.236227,0.006751,-0.237104,0.357691,-0.181395,-0.136449,0.023920,-0.059453
7.399264,0.622453,3.065008,-0.256087,0.223725,-0.444609,-0.544904,0.458472,-0.413265,-0.422182,-0.094127,0.003904
7.067099,0.076634,2.917098,-0.520788,0.357607,-0.534842,-0.470241,0.635713,-0.053885,-0.247067,-0.125111,0.108358
5.628228,-0.865950,2.945730,0.251038,0.802163,-0.583359,-0.283152,0.513573,-0.321523,-0.226939,0.001770,0.246490
6.424457,-0.327052,3.237758,-0.242869,0.292882,-0.702606,-0.207319,0.558141,-0.205011,-0.117408,-0.151567,0.036048
6.097620,1.991100,1.932695,-0.036956,0.236698,-0.665299,-0.024823,0.280962,-0.036791,-0.129566,-0.245578,0.010021
6.184406,2.462261,1.896977,-0.317117,0.205347,-0.902940,-0.191368,0.361049,0.340655,0.213855,-0.118043,-0.102731
6.652070,3.095724,1.559678,-0.592672,-0.188718,-0.672328,-0.380188,0.230879,0.277030,-0.030415,0.017085,0.025158
6.799082,3.572484,1.251021,-0.234107,-0.476354,-0.507661,-0.334150,0.075724,0.195072,0.172472,-0.009230,0.264334
6.064844,3.052135,1.335283,0.187875,-0.065523,-0.370133,-0.539080,0.166554,-0.060320,-0.154373,0.408567,0.311380
4.212167,2.814554,1.722885,1.105325,-0.615373,0.054239,-0.622058,0.100514,-0.122127,0.028732,0.093006,-0.073125
3.628986,2.469961,2.322719,0.892343,-0.707313,-0.319367,-0.172451,-0.284132,-0.125493,0.149089,0.335870,-0.040239
2.579602,2.933366,2.288449,1.266627,-0.944783,-0.596704,-0.383907,0.135138,-0.225807,0.359648,0.192705,0.126623
2.442907,2.944799,2.044843,1.292686,-0.389928,-0.320457,-0.556352,0.048811,-0.118648,-0.053538,0.100616,0.096674
0.430557,2.894694,1.923423,1.785832,-0.211771,-0.580894,-0.250249,0.367571,-0.266412,0.120066,0.373710,0.232887
-0.461417,2.638454,1.648687,0.996924,-0.046540,-0.398308,0.074781,-0.006079,-0.017201,0.213298,0.154405,0.432719
1.339748,1.244624,1.049661,0.476469,-0.424932,-0.318384,-0.133294,0.252010,-0.098440,-0.003807,0.037746,-0.114060
-0.990565,0.511306,0.761114,0.255430,-0.490955,-0.428882,-0.029767,0.292596,-0.069885,-0.182049,0.085059,0.065079
-3.957955,0.806799,0.934959,0.176518,0.110843,-0.655548,-0.216560,-0.234031,-0.356797,0.311085,0.074055,0.350506
-4.556947,0.250341,0.220653,0.041856,-0.217370,-0.844410,-0.205394,0.101436,-0.422041,0.026996,-0.177766,-0.068315
-4.936829,-0.325004,0.452731,-0.176345,-0.146045,-0.742608,-0.392760,-0.025533,-0.326788,0.362608,0.296056,-0.063111
-5.512101,-0.587063,0.938225,-0.019152,-0.180273,-0.499967,-0.206274,0.059715,-0.245410,0.057394,0.262011,0.156046
-5.095406,-0.393777,1.366903,0.307820,-0.067420,0.190131,0.461217,0.087335,-0.115733,-0.066580,-0.058760,0.062087
-4.803447,-0.138267,1.194192,0.169059,0.161903,0.048373,0.084285,0.287635,-0.162387,0.111675,0.128628,-0.044738
-3.646984,-0.153121,1.330578,0.490164,-0.006485,-0.541389,-0.156066,0.398756,-0.078040,0.126967,-0.196318,0.193896
-3.954746,-0.303604,1.232602,0.598814,0.619960,-0.004365,-0.106271,0.550547,-0.019058,0.130581,-0.026992,-0.002187
-4.412228,-0.434508,0.999546,0.448580,0.428336,-0.085263,-0.130237,0.121447,-0.219096,-0.024126,0.201996,-0.039783
-4.197237,-0.688137,1.102126,0.068699,-0.036386,-0.359085,-0.174228,0.393077,-0.040396,0.207900,-0.010001,0.389979
-3.959355,-0.846578,1.281024,0.279215,-0.064848,-0.474306,0.000523,0.418959,-0.197012,0.251298,0.106187,0.208979
-4.001335,-1.000834,0.738323,0.071874,0.269675,-0.024835,0.488113,0.768905,-0.177989,0.205511,0.027283,0.146854
-4.397653,-1.672147,0.336137,-0.408781,0.087470,0.403730,0.106742,0.625581,0.108123,0.122903,-0.291767,-0.051524
-3.646354,-1.107109,1.325606,0.243159,0.154850,0.306508,0.085446,0.200512,-0.011282,0.387255,-0.129591,0.141474
-3.252648,-0.931661,0.852319,0.538000,-0.234699,-0.315197,0.048445,0.338003,-0.136960,-0.058259,0.091866,0.146050
-3.266527,-1.059942,0.758725,0.288086,0.017307,-0.015162,-0.346298,0.304452,-0.030116,-0.057257,-0.203704,-0.014154
-2.599538,-0.876840,0.533463,-0.291011,-0.119803,0.020292,-0.213656,0.163282,-0.071402,-0.129713,-0.128875,-0.055654