0.605509,-0.512228,1.035584,0.125161,0.696747,-0.113150,0.226405,0.457212,-0.051005,0.011784,0.060647,-0.059227
0.330093,-1.581326,0.655076,-0.139242,0.472107,-0.167582,0.115729,0.363316,-0.476100,-0.137827,-0.209898,-0.093702
0.595573,-1.817990,1.361090,0.056348,0.152677,-0.110306,-0.028124,0.698309,-0.399680,0.179473,-0.016199,-0.023778
1.002953,-0.820512,0.973174,-0.399207,0.112390,-0.068564,-0.350303,-0.182925,-0.078895,0.414565,-0.056949,0.128488
0.432315,-1.240611,0.781956,-0.201758,-0.269283,-0.359605,-0.491626,-0.070620,-0.338407,0.268189,-0.224105,0.204931
0.801407,-0.944111,0.832407,-0.126407,-0.121491,0.201960,-0.154581,0.343564,-0.119467,0.507867,-0.104144,-0.064998
0.748340,-1.027765,0.834497,-0.182831,-0.503418,-0.582768,-0.295444,0.401256,-0.097091,0.412427,-0.398298,0.173693
0.834438,-0.696635,1.550514,0.409276,0.285032,-0.370239,0.017305,0.126232,-0.418408,0.568340,-0.027832,0.174595
1.047907,-0.608167,0.984033,-0.284656,-0.286265,-0.410746,-0.418770,0.067777,-0.587742,0.133746,-0.312670,-0.219503
1.041502,-0.670016,0.824631,-0.130280,-0.098521,-0.121356,-0.274187,0.122248,-0.433489,0.244942,-0.112368,0.056184
0.885581,-1.262284,0.593445,0.344277,0.051402,-0.011051,-0.332994,0.023293,-0.494815,-0.333158,-0.271733,0.072539
1.795355,-1.781412,0.684974,0.284814,0.161085,-0.248727,-0.556344,0.189245,-0.434894,-0.473151,-0.353405,0.294597
5.536022,-3.854122,0.605879,0.130752,0.184790,-0.654302,-1.009841,0.074121,-0.757175,-0.352536,0.171339,-0.033447
6.067000,-3.253255,0.510048,0.268148,-0.170141,-0.888582,-0.864202,0.773692,-0.276601,-0.077556,0.045088,-0.115443
6.175808,-3.317938,0.898407,0.296189,-0.289329,-1.040362,-0.259791,0.782309,0.078080,0.185604,-0.207311,0.215124
7.387636,-2.098199,1.127787,0.376482,0.462065,-0.577082,-0.398560,0.404404,-0.065462,-0.222393,-0.058697,0.171298
8.637007,1.196850,2.246817,-0.134661,-0.447866,-0.782163,-0.382666,0.437186,0.078929,-0.169130,0.076103,0.264116
8.791195,1.943191,1.252127,-0.328847,-0.799912,-0.624957,0.366585,0.452124,-0.053779,0.061002,0.003621,-0.024693
7.797480,2.075540,1.326654,-0.078002,-0.202990,-0.571733,-0.279824,0.211092,0.232614,-0.434762,-0.040213,-0.033312
8.124183,1.703262,1.256823,-0.122992,-0.158469,-0.531076,0.006821,0.348305,0.259373,-0.129851,-0.109256,-0.080598
7.720057,1.814139,1.458765,0.272646,0.138672,-0.567892,-0.087671,-0.019781,-0.051660,-0.282542,0.102899,0.231452
6.433830,2.684644,1.502807,0.875218,-0.405300,-0.473385,-0.291591,0.005154,0.173828,-0.074895,0.292503,0.073127
6.488287,1.892069,1.646288,1.010578,-0.320289,-0.242485,-0.341311,0.133592,0.100750,-0.128430,-0.144663,0.136483
6.642014,2.238761,1.512121,0.689689,-0.088068,-0.232720,-0.117614,-0.058608,-0.109055,0.068582,-0.014379,-0.034786
3.726752,2.785404,2.117274,0.993931,-0.145565,-0.169687,-0.302468,0.245588,-0.327670,0.261224,0.144905,0.097949
2.863674,2.333311,1.739640,0.969107,-0.256838,-0.015121,0.064554,0.460611,-0.349844,0.176461,-0.109622,0.013843
0.120860,1.604344,2.349070,1.184921,0.409500,0.249346,-0.050539,0.111730,-0.586903,-0.005977,0.139374,0.091264
-0.573704,1.129210,2.544345,1.081643,0.660410,0.003064,-0.419520,0.503226,-0.304829,0.210859,-0.074295,-0.018114
-0.280152,0.525163,1.739126,0.276084,0.009003,-0.181838,-0.261228,0.148436,-0.117531,0.368249,-0.342026,0.313631
-2.032891,-0.748336,1.504120,0.761764,0.153371,-0.221185,-0.124449,0.229983,-0.320691,0.515964,0.324850,0.418911
-2.156246,-0.699459,1.530421,0.458042,-0.116153,-0.435628,-0.325815,0.194993,-0.484255,0.121682,-0.097144,0.228709
-2.084082,-0.587714,1.112036,0.124802,0.192225,0.034338,-0.551277,0.052036,-0.238680,0.167410,0.092186,0.155170
-1.318870,-0.052577,1.329508,0.234351,0.276704,-0.041208,0.161569,0.213983,-0.479441,0.413106,-0.426742,0.041021
0.015011,0.740118,1.473212,0.752282,0.461277,-0.234885,0.164696,0.571554,-0.251476,0.320676,-0.304774,0.190889
0.128760,0.613479,1.593859,-0.040941,0.123294,0.216350,0.008249,0.368629,-0.198451,0.302643,-0.222487,-0.015169
-0.756165,-0.086103,1.594460,0.402492,0.280846,0.692697,0.342693,0.685632,-0.475571,0.113693,-0.174483,0.142406
0.077721,0.143878,1.434622,0.507273,0.431996,0.168035,0.015455,0.689265,-0.102277,0.371005,-0.178958,0.247080
-0.175547,-0.033279,1.244835,-0.113327,0.388981,-0.088930,-0.059969,-0.005488,-0.551661,0.283286,-0.052674,0.408414
-1.347276,-0.913581,0.833423,0.117870,0.161405,0.049558,0.201344,0.873175,-0.139533,0.403919,-0.070829,-0.224619
-0.900097,-0.615420,0.542525,0.054789,0.051187,0.237055,0.073367,0.507505,-0.372553,0.371973,-0.334977,0.137610
0.424404,-0.148601,1.270180,0.367158,0.273167,0.249739,0.249761,0.371758,-0.611618,0.255791,-0.137405,-0.036684
-0.508301,-1.143269,1.710886,0.546315,0.286342,-0.021179,0.072751,0.514741,-0.415041,0.097198,-0.251677,0.103847
-0.370417,-1.289832,0.975415,-0.799455,-0.538634,-0.523258,-0.338937,0.570117,-0.324761,0.095089,-0.255272,0.162247
0.080508,-0.964903,1.473719,0.175065,-0.120679,0.094725,0.040042,0.423942,-0.558651,0.066067,-0.210055,0.204956
0.110310,-0.626801,1.247797,0.701224,0.327898,0.144516,0.009453,0.429862,-0.464634,0.081258,-0.123004,0.109928
-0.130286,-1.257770,1.165103,0.411465,0.188567,-0.157790,-0.024970,0.447815,-0.248733,0.068204,-0.552804,0.047742
0.524435,-1.141378,0.794419,-0.086877,-0.086056,0.098825,0.147904,0.599533,-0.557466,0.171519,-0.310377,0.070514
0.811917,-0.967957,1.146119,-0.030084,-0.231753,0.572124,0.459090,0.838435,-0.009760,-0.270664,-0.615646,0.108015
1.136089,-0.295415,1.173135,-0.425119,0.201702,0.119117,-0.599988,0.379680,-0.128193,0.053663,-0.307595,-0.046132
3.539531,-0.607000,-0.298993,0.404942,0.770046,0.108786,-0.504238,-0.074790,-0.621275,-0.020923,0.094467,0.264526