0.331387,-0.098752,1.114359,0.103187,0.097905,-0.120681,0.004147,0.330697,-0.339223,0.398661,-0.197681,0.054056
0.074234,-0.463303,1.044920,0.226032,0.144605,0.074864,0.214336,0.415860,-0.138822,0.635776,-0.115079,-0.021015
-0.179651,-0.987814,1.063464,-0.169572,-0.064610,-0.132592,-0.386888,0.132204,-0.475152,0.391587,-0.172487,0.211240
0.185225,-1.014810,0.498340,-0.353481,-0.087367,-0.113554,-0.233496,0.290612,-0.127240,0.152603,-0.399180,-0.149000
0.552111,-0.769466,0.812042,-0.291784,0.078565,0.132792,0.343034,0.616912,-0.178425,0.122100,-0.016744,0.106264
0.761387,-0.708418,1.341947,0.041169,-0.213399,-0.148036,-0.261984,0.074094,-0.348711,-0.022828,-0.354872,0.146577
0.899656,-0.494663,0.776990,0.341491,0.355099,0.362831,-0.159721,-0.130241,-0.689858,0.195736,-0.092279,0.142523
1.229121,-0.861700,1.506074,0.238657,0.457266,-0.152747,-0.460988,-0.076342,-0.492363,0.186681,0.113563,0.113150
0.926325,-1.275753,0.587840,-0.425375,0.051829,-0.015849,-0.522552,0.140413,-0.112620,0.122576,-0.354221,0.171109
0.978655,-0.635615,1.208115,0.473962,0.258858,0.462498,0.237821,0.179526,-0.583317,0.003209,-0.307414,-0.005755
1.218143,-0.774385,0.794016,0.443763,0.336090,0.248951,-0.234916,0.305127,0.006186,0.353770,-0.226371,0.337907
0.403133,-0.841537,0.608544,0.220802,0.264899,0.522948,0.080674,0.421999,-0.205096,-0.143316,-0.321236,0.002301
2.686606,-0.475381,0.500359,-0.068435,-0.536024,-0.059958,0.144678,0.288493,-0.052306,0.304659,0.150302,0.138429
5.907753,-2.516049,0.063582,0.077817,0.124551,-0.865178,0.044190,0.522477,-0.004721,0.169541,0.139189,0.048159
7.395745,-1.829937,1.999411,1.216398,0.885895,-0.542318,0.134214,0.520089,-0.386291,-0.431718,-0.036648,0.155282
8.087294,-1.162903,2.135790,0.787395,0.417235,-0.555262,-0.050427,0.332832,-0.096711,-0.450264,-0.041270,0.314112
8.119756,-0.314751,1.960480,0.257269,-0.019960,-0.334634,0.077766,0.566853,-0.417097,-0.266517,-0.248891,0.111656
7.931760,1.461040,1.411502,0.119777,-0.302894,-0.175176,-0.288655,0.148485,-0.423910,-0.116668,-0.103155,-0.085183
7.844199,1.881423,1.449513,0.201319,-0.221919,-0.822787,-0.427742,0.209219,0.150271,-0.150930,-0.039630,0.010256
7.877583,1.911518,1.257180,0.462246,-0.071754,-1.316213,-0.279668,0.154100,0.233245,-0.366688,0.047668,0.202446
7.245802,2.364366,0.889773,0.468848,0.049230,-0.954590,-0.455184,0.001777,0.251152,-0.262692,0.370015,0.141881
3.832351,2.367569,2.300313,1.439409,-0.596715,-0.393299,-0.498492,0.427934,0.214842,-0.148493,0.095802,0.254851
3.860455,1.944046,1.546153,1.325278,0.038757,-0.053310,-0.581487,0.185480,-0.275395,0.030642,0.149311,0.176507
2.106392,2.089818,1.826836,1.054698,-0.238715,-0.330832,-0.365700,-0.042274,-0.351956,0.509368,0.329922,0.401855
0.044807,2.462114,2.344426,0.709542,0.150382,-0.308264,-0.021094,0.009745,-0.212922,0.269117,0.202333,0.073477
-0.137611,2.082413,2.060963,0.585100,0.372597,-0.360701,-0.255369,-0.013187,0.011756,0.203426,-0.126567,0.129418
-2.607869,0.771723,1.572194,0.057894,-0.363063,-0.695389,-0.577291,0.444560,-0.240986,0.236184,-0.173702,0.454378
-3.562320,-0.208238,1.702801,0.504311,-0.302662,-1.019390,-0.376951,-0.026418,-0.644123,0.447634,-0.099955,0.283089
-4.216837,-0.374434,1.792143,0.469123,-0.186510,-0.041265,-0.158827,0.006229,-0.263351,0.255749,-0.413351,-0.050389
-4.499304,-0.398249,1.866921,0.101835,-0.182930,0.060279,-0.519045,0.099038,-0.258924,0.520746,-0.087637,0.282700
-4.678117,-1.573549,1.245142,0.074712,-0.143505,-0.435909,-0.680784,0.329360,-0.220200,0.465563,-0.052370,0.149884
-4.089550,-0.286013,1.612989,-0.032295,0.255120,0.020120,-0.112869,0.550829,-0.569388,0.207253,-0.137863,0.274023
-5.055717,-1.233168,1.853341,0.123268,0.180139,0.073911,-0.352498,0.342544,-0.390004,0.403293,-0.231228,0.103460
-5.424009,-1.450351,1.840744,0.172631,0.146342,0.147977,-0.150705,0.530575,-0.510175,0.057822,-0.098408,0.458264
-4.771781,-1.482911,1.140774,0.246504,0.029154,-0.030238,-0.449317,0.081950,-0.542529,0.373313,-0.165537,0.080730
-4.002904,-0.709157,1.416608,-0.118223,0.170116,-0.079038,-0.436216,0.369644,-0.128003,0.382322,-0.319220,0.047782
-4.362738,-0.770794,1.402190,-0.532550,0.211759,0.472151,-0.316829,0.465722,-0.255783,0.202037,-0.247080,0.188051
-3.152435,0.009213,1.931862,0.666109,0.105698,0.184533,-0.040381,0.377981,-0.320532,0.317200,-0.211247,-0.016632
-3.223620,-0.455340,1.964630,1.037307,0.462354,-0.359740,-0.249702,0.188470,-0.582201,0.594696,-0.308886,-0.014860
-2.950971,-0.447363,1.256102,0.026081,-0.277903,-0.493141,0.183330,0.317656,-0.405464,0.463527,-0.281215,0.121160
-3.290286,-1.172463,1.628766,0.970857,-0.142275,-0.203253,-0.349527,0.144858,-0.636578,0.202632,-0.113260,0.182039
-3.436444,-1.436425,1.420377,0.934916,0.760969,0.188359,0.080895,0.390703,-0.407881,0.524728,-0.016173,0.383774
-3.102690,-0.877220,1.671098,0.385351,0.130774,0.147048,-0.105714,0.380587,-0.401442,0.515545,-0.070761,0.090891
-1.927645,-0.747865,1.466298,0.111386,-0.152006,0.045859,-0.018271,0.227156,-0.302011,0.329850,-0.198156,0.292819
-2.352104,-0.884943,1.612288,0.498512,-0.100529,0.373003,0.058730,0.408384,-0.382913,0.335488,-0.069610,0.113486
-2.696651,-1.286378,1.010113,-0.055739,0.090585,0.248156,0.141230,0.465282,-0.621979,0.328875,-0.325777,0.110903
-2.064243,-0.815241,0.868005,0.070114,0.377211,0.138027,-0.478938,0.358007,-0.292940,0.256975,-0.286573,-0.096329
-2.694365,-1.405373,0.829214,0.042917,0.572395,0.441623,-0.090877,0.494862,-0.099583,0.173567,-0.432857,-0.222934
-1.383751,-0.030673,1.095114,0.313692,0.014202,0.342361,-0.095125,0.529755,-0.216649,-0.006260,-0.304945,0.098220
-2.023152,-1.331926,1.382698,0.556289,0.208912,0.521675,0.156124,0.365557,-0.025312,0.371095,-0.365866,-0.018130