-0.194521,0.034140,1.197254,-0.072084,-0.671858,-0.497118,-0.327328,-0.134942,-0.733729,0.448171,0.004077,0.052781
0.520050,-0.010713,1.074435,-0.175943,-0.520022,-0.565985,-0.140064,0.023242,-0.479894,0.264108,-0.106617,0.266017
0.252289,-1.128310,0.362877,0.141864,-0.044589,-0.652774,-0.666686,-0.467657,-0.350253,0.151177,-0.284733,0.412190
1.273008,-0.686936,0.194146,-0.590645,-0.452854,-0.102136,-0.165454,0.033918,-0.174883,0.217582,-0.375579,0.108547
1.169911,-0.470837,0.913638,-0.134609,0.218737,0.103115,0.456969,0.420171,-0.477917,0.153504,-0.127675,0.078359
1.484094,-0.048529,1.267777,-0.040532,-0.028222,0.126125,0.133192,0.189840,-0.580313,0.187826,0.052953,0.439650
0.789917,-0.609744,1.160678,0.180158,-0.169388,-0.373960,-0.030932,0.821808,-0.321448,0.379828,-0.199293,0.178485
1.808962,-1.204183,0.254227,0.779011,0.008035,-0.300177,-0.177054,0.225792,-0.220834,0.607652,-0.113328,0.123686
1.145705,-1.716238,0.097368,0.472874,0.107854,-0.325988,-0.272509,0.012485,-0.445373,0.451181,-0.047560,0.284778
0.725691,-1.142704,1.008169,0.054579,-0.454297,-0.152658,-0.489246,0.325113,-0.018857,0.074708,-0.087838,0.095738
1.475035,-1.209049,1.295218,0.417711,0.340284,0.024455,0.110278,0.326921,-0.501090,-0.142044,-0.328706,-0.055176
1.469353,-0.990675,1.056674,-0.065140,0.097165,-0.268645,-0.331426,0.148705,-0.443656,0.084867,-0.106705,-0.209446
0.775447,-1.936218,0.830006,-0.274822,0.174581,-0.115869,-0.266526,0.042082,-0.572012,0.239016,-0.261520,0.048557
1.841063,-0.551843,1.073091,0.509126,-0.426280,-0.563455,0.295283,0.086966,-0.540167,0.454559,-0.082298,0.172835
1.404102,-1.188966,0.882187,0.591557,0.112648,-0.273020,-0.342542,0.068330,-0.071213,0.291817,0.017491,0.182664
1.237879,-1.170456,0.929483,0.137876,0.053190,0.058565,-0.552844,-0.100716,-0.196006,0.217138,-0.088076,0.257004
5.455711,-2.636908,0.543467,-0.268669,0.588243,-1.343135,-0.120186,0.857927,-0.384732,-0.459188,-0.220837,0.392696
6.049141,-3.237625,0.539275,-0.149047,0.715040,-1.220281,-0.446318,0.498083,-0.290992,-0.394311,-0.278833,0.012478
5.102902,-3.883157,0.973501,-0.112324,0.733189,-0.678978,-0.020642,0.696480,-0.198484,-0.079356,-0.008708,0.228391
4.545995,-3.596712,0.120371,-0.672253,-0.116293,-1.258922,-0.398983,0.110888,-0.268575,0.068850,-0.049788,0.359179
3.009789,-4.063503,0.683921,-0.113407,0.325982,-1.146825,-0.339043,0.514769,-0.249554,0.037728,-0.032415,0.058393
4.363534,-2.198297,1.727884,0.394955,0.846569,-0.664677,-0.621031,0.425533,-0.223370,-0.142431,-0.352205,0.232299
7.167791,1.158380,1.567577,-0.234533,-0.294685,-1.112101,0.006240,0.132020,-0.018491,-0.162552,-0.223477,0.331392
7.604959,1.977448,1.127747,0.132612,0.024419,-0.678602,-0.050116,-0.233150,0.033079,0.051045,0.002309,0.334415
6.660390,2.366228,0.871771,-0.377816,0.100570,-0.717085,-0.183828,0.102391,-0.148556,-0.340864,-0.264199,0.001756
6.060896,2.514694,0.885256,-0.065243,-0.095607,-0.388245,0.204337,-0.110301,0.141045,-0.365500,0.031311,0.166322
4.616461,2.237146,1.390986,0.676187,0.236249,-0.525430,-0.208581,0.165315,-0.078156,0.006087,0.061025,0.019441
4.301253,2.083200,1.478165,1.363377,0.028992,0.080098,-0.059113,0.087250,-0.169284,0.047780,0.023576,0.011187
3.301022,2.594167,2.031449,0.949475,-0.328618,-0.134154,0.177079,0.041401,-0.399896,0.105009,-0.131876,0.106211
3.408084,2.470518,1.797694,0.684248,-0.021840,0.123330,0.105285,0.152939,-0.223888,-0.077578,-0.043945,-0.240115
1.577219,2.907919,2.347857,0.959457,0.130220,-0.180102,-0.156010,0.202851,-0.139057,0.367077,-0.209088,-0.050617
1.587961,1.949133,1.260598,0.213015,0.334015,0.320782,-0.009527,0.175528,-0.080471,0.107373,-0.180254,-0.072582
-0.273433,1.453081,1.530255,0.493891,0.115789,-0.116645,-0.272614,0.155933,-0.293874,0.302557,-0.209016,0.011174
-2.772368,0.245506,1.558252,0.998217,0.006939,-0.237492,0.157300,0.281705,-0.690905,0.415310,-0.557849,-0.431724
-2.889310,-0.246124,0.999917,0.414603,-0.015683,-0.522473,-0.203919,0.325380,-0.604161,0.078993,-0.500806,0.024518
-3.002463,-0.303070,1.329510,0.387055,-0.211157,-0.104201,-0.133407,0.284542,-0.264006,0.235367,-0.117987,0.338373
-3.635090,-0.760019,1.360585,0.114353,0.052256,0.412700,-0.391515,0.129990,-0.299664,0.288338,-0.281196,0.248859
-3.784597,-1.069439,1.553049,0.060356,-0.230849,0.494851,-0.123154,0.176110,-0.583191,0.079611,-0.338442,-0.095444
-3.935910,-0.817267,1.773640,0.057053,0.071675,-0.037518,-0.137176,0.323614,-0.506161,0.071394,-0.416885,0.197934
-3.682988,-0.903647,1.607132,0.282542,-0.239440,-0.080151,-0.007530,0.072244,-0.468395,0.294158,-0.278279,0.248769
-3.137621,-0.565426,1.175700,0.016919,-0.127842,-0.060010,-0.270023,0.260907,-0.267162,0.177153,-0.212229,0.523363
-3.109833,-0.670060,1.340906,0.103778,0.110428,0.186499,-0.211545,0.474948,-0.225967,0.353740,-0.146847,0.208181
-2.952873,-0.853960,1.127864,0.200650,-0.201320,-0.070422,-0.023581,0.266778,0.177953,0.366467,-0.033588,0.195028
-2.691151,-0.603858,1.197720,0.301667,0.265559,0.180912,-0.267513,0.634074,-0.278519,0.284095,-0.398518,0.185832
-2.333190,-0.663608,1.263579,0.294840,0.071287,0.096030,-0.048301,0.697519,-0.205043,0.040982,-0.285642,-0.001487
-1.888801,-0.365809,1.245667,0.017505,-0.182965,0.088253,0.150113,0.227391,-0.648309,0.027064,-0.503260,-0.079508
-2.842259,-1.385582,0.928799,0.072396,-0.365450,-0.108066,-0.238123,-0.004443,-0.071861,0.589078,-0.218313,0.261137
-2.419631,-1.023700,1.318640,0.354804,-0.109839,0.024257,-0.290775,-0.079181,-0.008664,0.342382,-0.327757,0.078984
-1.842201,-0.567311,1.663851,0.038838,-0.021631,-0.294982,-0.085429,0.198856,-0.595597,0.311883,-0.133170,0.226567
-0.868140,-1.181260,0.981987,-0.076547,-0.322958,-0.679718,-0.483246,0.015168,-0.397571,0.239024,-0.145586,0.113663