1.589127,1.159032,0.849815,0.497254,0.348212,0.326374,0.219704,0.139146,-0.044181,0.004528,-0.107246,0.168251
-0.765557,-0.086329,0.666041,0.336154,-0.554530,-0.255858,0.319363,0.349799,-0.379532,-0.189512,-0.294810,0.198180
-1.049629,-0.404494,0.741142,0.084438,-0.385019,-0.624483,-0.006592,0.045212,-0.226044,0.208227,0.019571,0.109279
-0.733645,-0.265338,0.683642,-0.225638,-0.099468,0.213248,-0.471159,0.091277,-0.288344,0.243892,-0.082385,-0.186677
-0.244807,-0.220540,0.442551,0.363179,0.127982,0.126712,0.083870,0.231205,-0.008963,0.220745,-0.542479,-0.091497
0.161436,-0.500097,-0.074604,0.128660,-0.271624,-0.343535,-0.207191,0.380636,-0.241710,0.025037,-0.051483,0.155093
0.380719,-1.632364,0.031575,-0.103845,-0.291587,-0.014429,0.407282,0.080590,-0.495733,0.254412,-0.228864,-0.011714
1.481672,-0.786983,0.640009,0.954276,-0.101668,-0.387028,-0.103620,0.371801,-0.237707,-0.112777,-0.368842,0.220203
1.663987,-0.540577,0.249060,-0.180180,0.036804,-0.063061,-0.185993,0.147784,-0.092190,-0.007953,0.022666,0.411642
1.582176,-0.635521,0.543635,0.240018,-0.221040,-0.475982,-0.305700,0.078188,-0.333309,-0.137815,0.012958,0.117246
1.790870,-0.535357,-0.241438,-0.411777,-0.249677,-0.409853,-0.454030,-0.135313,-0.580358,-0.141323,-0.180248,-0.052126
0.318728,-0.269285,-0.285489,-0.418798,-0.283312,-0.323046,0.118939,0.345501,-0.240779,0.044791,-0.085968,0.148187
0.816438,-0.068260,0.160884,0.232953,0.073782,-0.034217,0.099501,0.179564,-0.153316,0.124433,-0.398749,0.047607
0.844108,-0.179629,0.380893,-0.007118,-0.105255,-0.366460,0.368861,-0.166160,-0.390747,0.051194,-0.093870,0.185377
1.030565,-0.466574,0.989848,0.326296,0.017846,-0.119187,0.059476,0.212792,-0.426374,0.127598,-0.292249,0.174668
6.056330,2.324094,0.132860,-0.538293,-0.255955,-0.212081,0.128979,0.006224,-0.542646,-0.189495,-0.083599,-0.163886
7.369193,3.130825,0.017868,-0.504511,-0.848552,-0.535230,0.528982,0.263745,-0.024330,-0.133383,0.252304,-0.066057
8.332470,2.763917,-0.226564,-0.471773,-0.628963,-0.203213,0.191394,0.552905,0.025728,-0.137867,-0.313504,-0.118186
8.786768,2.548611,0.141099,-0.777638,-0.845926,-0.279059,0.199153,0.351375,0.013754,-0.226657,0.006282,-0.058824
7.715710,2.626735,0.214137,-0.058530,-0.680283,-0.294743,0.415778,0.393333,-0.340418,-0.270549,0.044266,-0.033100
7.572625,2.540217,-0.071646,-0.857344,0.065446,-0.118321,-0.085479,-0.193598,-0.504570,-0.159417,0.237601,-0.167409
4.757289,2.855805,0.143778,-0.386537,0.242219,0.273828,0.164655,0.331583,-0.084527,-0.412234,-0.011075,0.217958
3.226708,1.029090,0.468637,0.003508,0.968861,-0.461428,-0.169346,0.642332,-0.211159,-0.103827,-0.246887,0.151636
2.565084,-0.199488,0.630221,-0.044179,1.003376,-0.187554,0.121456,0.060882,-0.335834,-0.175600,-0.326343,0.212240
1.130303,-0.304736,0.914906,-0.730410,1.150836,-0.213482,-0.030301,0.233380,-0.556573,-0.290830,-0.138915,0.036394
1.108133,0.474439,0.370866,-0.864764,0.827248,-0.356091,0.069890,-0.118088,-0.302581,-0.410347,0.092490,0.109441
0.373282,-0.418988,-0.013264,-0.560310,0.946305,-0.517592,-0.363302,-0.060828,-0.290350,0.021793,-0.276909,0.073893
-0.531000,-0.717892,-0.650946,0.161009,0.930089,-0.304185,0.098150,0.417493,-0.042961,0.231334,0.091799,0.181115
-1.408392,-0.817140,-0.416215,-0.271593,1.124001,-0.454148,0.257290,0.177939,-0.150564,-0.132210,-0.194731,-0.028365
-2.040769,0.328564,0.043902,-0.522120,0.599095,-0.626851,-0.149967,-0.104260,-0.063851,-0.233262,0.036742,0.284333
-3.643564,0.457148,-0.170724,-0.301631,0.593697,0.005631,-0.133876,0.181587,-0.059840,-0.146540,0.054894,0.055533
-4.235235,0.192622,0.125594,-0.229492,0.474435,-0.012586,-0.437930,-0.103505,0.109420,-0.049298,0.083438,-0.215966
-3.252396,0.317707,0.279201,0.146402,0.706285,0.039654,0.185395,0.292590,-0.225437,-0.012138,0.175580,0.225959
-3.518692,0.508168,0.299999,-0.024140,0.023382,-0.251236,0.267165,0.080204,0.006130,0.228321,-0.054560,0.214296
-4.082710,-0.655384,0.117869,0.176169,0.167842,0.275719,-0.062783,0.154234,-0.021330,0.418978,-0.273551,0.087742
-3.524987,-0.002151,0.337799,-0.086237,-0.044337,-0.168595,-0.329222,0.037935,-0.341982,0.256974,-0.213211,0.248065
-3.607652,-0.109804,0.508791,0.416042,0.249698,0.064169,0.235827,0.050063,-0.283986,0.056134,-0.011593,0.155971
-2.682202,0.462916,0.844847,0.723179,0.300895,-0.246942,-0.208166,0.005649,-0.013068,0.044918,-0.218080,0.216423
-2.689669,-0.174669,0.389925,0.318086,0.210258,-0.140321,0.011393,0.176225,-0.253218,-0.149442,-0.335953,-0.066834
-2.765015,-0.128464,0.291097,0.497531,0.121273,0.169778,-0.092039,0.513358,0.209823,0.037561,-0.182312,0.013939
-3.636736,-0.388878,0.561244,0.801713,0.057463,0.300565,0.430771,-0.043821,-0.236464,0.303643,0.233133,0.277726
-1.839887,-0.431517,0.507488,-0.005542,-0.379432,-0.061162,-0.293370,0.269438,0.033776,0.585759,0.067582,0.364268
-2.922105,-0.892833,0.302409,0.297874,-0.481682,-0.079508,0.235902,0.240449,-0.472189,0.040270,-0.097867,-0.351042
-1.448286,0.164255,0.947833,1.066617,0.155642,-0.060640,0.013020,0.514648,-0.266427,0.216235,-0.241125,-0.063622
-1.237271,-0.150201,0.803721,0.376036,-0.058216,0.186070,-0.026408,-0.112729,-0.279834,0.312527,0.112768,0.067696
-1.538010,-0.169787,0.359043,-0.079885,0.028042,-0.180281,-0.131559,0.076913,-0.312057,0.462761,0.186300,0.179277
-0.535169,-0.108948,1.077183,0.980308,0.302756,-0.165535,0.051678,0.111926,0.156159,-0.164415,-0.345083,0.285485
-0.421192,0.105383,0.639716,0.264046,-0.235584,-0.530708,0.082903,0.207425,0.079234,0.035959,-0.127554,-0.248657
-1.151188,-0.360750,0.295906,0.109711,-0.160064,-0.566361,0.024408,0.177438,-0.217559,0.120242,-0.051814,-0.125176
-1.326685,-1.413565,0.459556,0.225551,-0.075030,-0.246516,0.122826,0.376417,0.012583,0.543384,0.377817,0.272714