4.734126,1.107053,0.992716,0.379170,0.415717,0.188291,0.160173,0.160763,0.001079,0.034744,-0.065981,0.024876
1.569266,-0.628567,0.724640,0.284191,0.324674,-0.277454,-0.178994,0.092786,0.059491,0.006131,-0.135271,0.202660
-0.111380,-0.545910,0.900963,0.516780,-0.269086,-0.072421,0.192523,0.160552,-0.304327,-0.042986,-0.283821,-0.070836
-0.520864,-0.923120,-0.093716,0.023202,0.199024,0.361420,0.506466,0.169698,0.072112,-0.168095,-0.504569,0.196669
0.179252,-0.520036,0.246815,-0.414989,-0.112976,0.312113,0.342234,0.371840,-0.105389,0.047464,-0.131168,-0.009182
0.011823,-0.754580,0.112826,0.016782,0.127781,0.161273,0.561027,0.388747,-0.401889,-0.382166,-0.074328,0.111462
-0.039795,-0.342209,0.286706,-0.264093,-0.277281,-0.439962,-0.020652,0.244390,0.027116,-0.106657,0.126304,0.334125
0.037102,-0.989570,0.030297,-0.093991,0.109550,0.419570,0.146610,0.215723,-0.073355,0.018731,-0.067041,0.364355
0.386478,-0.404437,0.042527,0.074734,-0.390260,-0.200213,-0.149144,0.050558,-0.025613,-0.084117,0.043991,0.020491
-0.538990,-1.001767,-0.183972,-0.288550,-0.824073,-0.371205,-0.193394,-0.016148,-0.131279,0.107304,-0.232444,-0.088687
0.559007,-0.070487,0.520644,0.340097,0.359867,-0.256914,-0.012161,-0.049974,-0.168798,0.152832,-0.163431,0.419833
0.201613,-0.209974,0.110874,-0.094128,0.335725,-0.388882,-0.232059,0.208191,-0.520636,0.085828,0.018371,0.124892
0.212212,-0.489467,-0.387348,-0.463634,-0.003623,-0.263346,-0.154629,0.176012,-0.109775,0.248467,0.138170,0.017442
-0.044726,-0.645929,0.104887,-0.239640,-0.348446,-0.516974,-0.331426,-0.141804,-0.047533,-0.260785,0.026123,0.149878
0.120416,-0.430287,0.559133,0.491157,0.256244,-0.005880,0.054294,-0.151259,-0.181318,-0.117232,-0.326109,0.277187
6.663431,2.087876,-0.085938,-0.591815,-0.561470,0.078613,0.263816,0.082198,0.130274,-0.162517,-0.152582,-0.129354
8.430038,2.302745,-0.202371,-0.499083,-0.900251,-0.015879,0.268828,0.217792,0.050939,-0.032570,-0.060596,-0.016178
10.363029,1.963723,-0.010060,-0.496375,-0.931889,-0.369160,0.269135,0.398341,-0.619470,-0.116300,-0.216477,-0.067940
9.327327,1.892130,0.075182,-0.501025,-0.739161,-0.385967,0.353317,0.976610,0.243147,0.082490,-0.092307,-0.130672
9.606164,1.477055,-0.286455,-0.539245,-0.483425,-0.388513,0.079452,0.940426,0.389887,0.216033,0.176581,-0.499099
8.473869,1.800033,0.423561,-0.322543,-0.606436,0.106677,0.218470,0.632668,0.042069,-0.083454,0.148144,0.049248
8.126836,1.586042,-0.349110,-0.680199,-0.494865,0.219266,0.235332,0.688571,-0.151163,-0.370252,0.097476,-0.007219
6.602243,1.750381,-0.326580,-0.435030,0.257084,0.671521,0.026440,-0.219238,-0.161290,-0.291690,-0.055999,0.004482
4.855528,1.135211,0.243993,-0.670818,0.893790,1.056684,0.162997,0.610503,-0.672348,-0.253108,-0.095332,-0.399332
4.160318,0.340068,0.354839,-0.747814,0.562374,0.190454,-0.291885,0.333870,-0.133064,-0.334888,-0.196000,0.143596
2.147071,-0.923958,0.397687,-0.629738,0.694834,0.191369,-0.495483,0.044537,-0.014734,-0.109182,0.194719,-0.210229
2.404912,-1.161793,0.471640,-1.183584,0.605335,0.076911,0.020847,0.156276,0.154954,-0.228418,-0.315216,-0.217641
1.733465,-1.038016,0.832453,-1.101143,1.245822,0.061239,-0.361289,0.233785,0.047059,-0.150914,-0.169982,-0.299036
1.114619,-1.181969,0.237474,-1.724561,1.141829,0.567566,0.209437,0.365497,-0.114597,-0.603189,-0.213445,-0.192141
0.672540,-1.353437,-0.400839,-1.280731,0.846682,0.148894,-0.205021,0.556617,0.000982,-0.198513,0.025413,-0.017384
0.127986,-1.055158,-0.236854,-0.980611,1.005003,0.012039,-0.507170,-0.002193,-0.075344,-0.187896,0.126610,-0.052284
-1.025433,-1.100258,-0.073831,-0.738238,1.065539,-0.167063,-0.383277,-0.037246,0.074143,-0.374507,-0.096487,-0.054686
-1.966172,-0.276532,-0.105823,-1.376133,0.685344,-0.264297,0.125220,0.141734,-0.236771,-0.369347,0.136948,0.247857
-2.873114,0.191003,-0.000089,-1.481704,0.400858,-0.036060,-0.169493,-0.031617,0.130499,-0.296796,-0.187529,0.216564
-3.075096,0.115972,-0.165722,-0.859952,0.721717,0.195450,-0.001305,0.146631,0.233925,-0.173259,-0.337290,0.062758
-3.645034,0.452853,-0.576977,-0.508933,0.960328,0.245226,0.316149,-0.155355,0.206891,-0.070453,-0.169916,-0.001349
-4.234658,0.214306,-0.952010,-0.222710,0.518591,0.248812,-0.444113,-0.237998,-0.136033,-0.049618,-0.084025,-0.105609
-4.315255,0.406612,-0.550228,-0.201486,0.652822,0.127086,-0.227747,-0.123309,-0.098581,0.117025,-0.305458,0.010983
-4.168461,0.780359,-0.117262,-0.348715,0.270899,-0.210749,-0.153792,-0.108489,0.000933,-0.209905,-0.266949,-0.010084
-4.231364,0.179575,-0.171524,-0.841161,-0.491620,-0.250596,-0.365405,0.072566,-0.013721,0.016204,0.072903,0.174334
-4.968513,0.212885,0.756792,-0.861261,-0.282009,-0.101616,-0.196038,0.352943,-0.023439,0.028810,-0.010367,0.392575
-4.984417,-0.371083,0.330336,-0.462730,0.099018,-0.083822,-0.076168,0.293094,-0.370238,-0.212889,0.044648,0.282238
-5.144432,-0.036430,0.282045,-0.376259,-0.327867,-0.221558,-0.032962,-0.347547,-0.200728,-0.095681,0.125569,-0.187150
-4.855868,-0.203554,0.700935,-0.271671,0.227464,0.486476,-0.089388,0.113177,-0.119098,-0.036858,0.061500,0.027165
-4.759830,-0.479129,0.685791,-0.275551,0.441958,0.308515,-0.034519,0.176353,0.437301,0.221868,0.155030,0.114574
-4.743393,-0.819045,0.341317,0.146951,0.431244,-0.213873,-0.251815,0.191508,0.157325,0.241331,-0.139800,-0.139947
-4.956433,-0.674857,0.357847,0.365484,0.390930,-0.113207,0.045763,-0.447010,-0.302250,0.119055,-0.193951,-0.021837
-4.265718,-0.684587,0.719680,0.496584,0.264147,-0.081923,-0.325239,0.142097,-0.391840,0.045244,0.316719,0.028544
-3.142523,-0.253104,0.262015,0.785589,0.295888,-0.172971,-0.274900,-0.411616,-0.180981,0.303815,-0.044800,0.066125
-3.660369,-0.663084,-0.299538,-0.249711,0.092187,0.027364,-0.122519,0.010830,0.017211,0.083008,-0.072836,-0.013905