3.643205,1.064651,0.887104,0.681534,0.191021,0.201915,0.164250,0.123334,-0.105653,0.139423,0.100676,-0.001282
0.300266,-0.511574,0.766454,0.760355,0.006232,-0.434586,0.402805,0.247473,-0.638966,0.210691,0.104495,0.134226
0.238564,-0.363323,0.676867,0.303845,-0.478782,-0.276593,0.462167,0.212406,-0.281220,0.188248,0.312334,0.420990
0.263057,-0.560011,0.256317,0.428812,0.381080,0.426084,0.320717,-0.140874,-0.000762,0.141215,-0.388700,-0.132432
-0.297741,-1.568285,0.009333,0.083608,0.227107,0.421510,0.555840,0.460890,0.060598,0.179634,0.155228,0.262397
0.549954,-0.378960,1.132692,0.460162,-0.011096,-0.566289,-0.497467,0.278581,0.055730,0.137093,0.162990,0.233362
0.195062,-0.852906,-0.157581,-0.161314,-0.142891,-0.213821,-0.494901,-0.178857,-0.272221,-0.238541,-0.214299,0.302825
0.277087,-0.848565,-0.117766,-0.316187,-0.107740,-0.120801,-0.078663,0.041369,-0.218548,0.202837,0.185209,0.393539
1.086508,-0.125726,0.512093,0.018285,-0.225164,0.151974,0.019850,0.340996,-0.005865,-0.084935,-0.137839,0.165434
0.470818,-0.502708,0.372188,0.191483,-0.214994,-0.781978,-0.488813,0.172694,0.032247,0.099406,-0.183350,0.000781
0.319899,-0.371988,0.268832,-0.703364,0.089481,-0.161101,0.141205,-0.165917,-0.039253,0.089800,-0.162381,0.189389
0.204838,-1.130870,0.198908,0.161388,0.260020,0.066948,-0.105405,0.398192,-0.001634,0.231518,0.011065,-0.095029
0.611239,-0.640831,0.895163,0.656299,0.127722,-0.228431,-0.192426,0.127299,0.004025,0.369655,0.296501,-0.054423
0.749648,-0.513150,0.172897,0.220556,-0.011505,-0.024964,0.217819,-0.021447,-0.121327,-0.255993,-0.307515,-0.057096
0.839510,-0.585848,0.253835,0.169700,0.220333,-0.325525,-0.209875,0.080940,-0.290691,-0.087505,-0.130184,0.201684
0.794320,-0.297014,0.552871,0.310901,0.506953,-0.261933,-0.009091,0.021675,-0.263770,-0.085516,-0.083280,0.321254
4.654875,2.268090,0.582896,-0.585563,-0.663096,-0.238722,-0.061020,-0.259697,-0.395201,-0.227073,0.097423,0.213588
7.806354,2.402858,0.397564,-0.290236,-0.304870,-0.054262,0.024077,-0.151915,0.093123,-0.203768,-0.204312,0.133385
7.271678,3.022461,0.617006,-0.184878,-0.491734,-0.122454,0.351477,0.385583,-0.132556,-0.111166,-0.090846,0.160280
8.742902,1.668221,-0.015044,-0.332237,-0.404060,-0.099230,0.099898,0.438193,0.125620,0.244228,-0.169786,-0.028736
7.534303,2.131782,-0.250893,-0.771878,-0.758936,0.111670,0.371080,0.236498,0.018360,0.114920,-0.140338,-0.084368
5.497137,2.091710,0.002273,-0.405457,0.134253,-0.052348,0.291757,0.392698,0.078515,-0.199147,-0.158794,0.119607
3.199455,-0.428528,0.668666,-0.782106,1.498709,0.422484,0.275166,0.302635,-0.208769,-0.208295,-0.300126,-0.164668
1.741567,0.039241,0.847498,-1.694507,0.583856,0.110559,0.199457,0.323950,-0.312616,-0.022676,-0.331354,0.089192
1.089056,-0.078118,0.902974,-1.514744,0.555892,0.124277,0.197109,0.394595,-0.308325,-0.094038,-0.091023,-0.031242
0.675741,0.031415,1.057994,-0.873425,1.552797,0.016106,-0.324412,0.076216,-0.041184,0.217214,-0.389645,0.073577
0.416741,-0.591867,0.754249,-1.026767,1.392874,0.171388,-0.009195,0.153808,-0.585773,-0.140712,-0.259031,-0.035805
-0.680114,-0.708165,0.214976,-1.437320,1.451630,-0.123897,0.227705,0.703089,-0.312026,-0.055441,-0.022762,0.091280
-2.296398,-0.161219,0.281018,-1.067986,0.988535,-0.238942,0.127316,0.108540,-0.458796,-0.082045,-0.020350,0.271617
-3.914542,0.655838,0.353997,-0.619534,0.376391,0.159438,0.007391,0.152957,-0.385062,-0.169893,-0.058522,-0.076328
-4.143305,0.842414,0.295477,-0.063977,0.637449,0.163916,-0.181074,0.077115,-0.346921,-0.269118,-0.247937,-0.056564
-5.654801,0.014517,0.378571,-0.329541,-0.027560,-0.466137,-0.604245,0.018759,-0.054831,0.004566,0.022936,0.209586
-5.472166,0.513468,0.499530,-0.223363,-0.077593,0.033958,-0.081116,0.265206,-0.152356,0.009606,0.132113,-0.024122
-4.874515,0.435730,0.727471,-0.016463,0.089473,-0.309488,0.132146,0.339965,-0.323856,0.060806,0.025321,0.071922
-4.364336,1.101353,0.861402,0.363309,0.204873,-0.284431,0.464076,0.590741,0.011403,0.065922,-0.169587,0.203879
-5.290244,0.266802,0.583749,0.357695,0.231281,-0.347529,-0.061099,0.476236,0.174680,0.352319,-0.109486,0.317993
-5.124440,-0.482274,0.467093,0.191048,0.124146,0.052533,0.057794,0.292049,0.018004,0.282144,-0.060781,0.190927
-5.308803,-1.159905,0.093794,0.361648,0.493559,0.333624,0.258714,0.144192,-0.220320,0.117684,0.019096,0.009714
-4.627010,-0.607954,0.371303,-0.290244,-0.071770,-0.091225,-0.083056,0.108137,-0.351186,0.285458,0.017256,-0.143176
-4.050058,-0.173475,0.937998,0.106930,0.315327,-0.456939,-0.194654,0.519054,-0.580509,-0.162835,0.011637,0.327850
-4.076109,0.035913,0.892689,0.567645,0.215340,-0.024313,0.201810,0.211379,0.008156,0.187665,-0.221549,0.139215
-3.825673,0.009252,0.821903,0.251776,-0.002431,0.114074,0.070939,0.086599,-0.525866,-0.144094,0.017428,-0.105565
-3.657432,-0.043833,0.491521,-0.185536,0.279579,-0.092391,0.224146,0.385406,-0.062339,0.025958,-0.360769,0.270598
-3.576354,-1.094955,0.459547,0.016817,-0.533536,-0.678110,-0.180625,0.123273,-0.201889,-0.189288,0.013347,0.080127
-2.846298,-0.642048,0.382342,0.166855,0.230861,-0.012746,0.060287,0.214908,0.162584,0.374562,-0.057286,-0.209786
-3.128468,0.122175,0.803056,0.384809,0.142536,0.095437,-0.540953,0.020359,0.030449,0.109778,-0.082461,0.109385
-2.980083,-0.300217,0.440175,0.693249,0.219041,0.283419,0.136963,0.056708,-0.095911,0.302160,-0.196079,-0.061380
-2.391395,-0.126493,0.770496,0.524802,0.468855,-0.313310,-0.251998,-0.197509,-0.243675,-0.031211,-0.270644,-0.141807
-2.275042,-0.066708,0.434510,-0.129701,0.693344,0.580530,0.176020,0.391596,-0.002989,-0.151757,-0.255161,0.182720
-1.755430,0.245739,0.570122,0.624745,0.338572,-0.309383,-0.154733,-0.079824,-0.517316,0.044222,-0.336126,-0.078091