-0.091197,-1.324884,0.047127,0.063204,-0.359493,-0.475011,-0.283362,0.055871,0.115341,0.214628,-0.308108,0.062984
0.185242,-1.415916,0.024655,-0.036458,-0.294833,-0.330961,-0.172167,0.131621,0.017264,0.152930,-0.187669,0.007807
-0.162980,-0.813811,0.640799,0.161214,0.087994,-0.045276,0.547664,0.510398,-0.260405,0.106703,-0.161170,-0.070575
0.012066,-1.393775,0.187283,0.163618,0.102324,0.466406,0.405836,-0.076753,-0.040178,0.428781,0.050591,0.126591
0.180933,-0.838903,0.661523,0.146116,-0.458776,-0.144301,0.269861,-0.126954,-0.500199,0.230166,0.226695,0.065773
-0.051843,-1.044798,0.013599,-0.235367,-0.347141,-0.879061,-0.046596,0.153104,-0.201190,-0.194821,-0.294659,0.133268
0.031899,-0.993955,0.739254,-0.173858,-0.416918,-0.201214,-0.335036,-0.229921,-0.249946,0.172583,-0.021904,-0.045575
0.613916,-0.321051,0.907069,0.168934,0.137815,0.010942,-0.097938,0.208415,-0.288655,0.093817,0.118094,0.140082
0.135011,-0.321175,0.195966,0.178968,-0.043540,-0.226401,0.260410,-0.029361,-0.464813,-0.020212,-0.238521,0.109237
0.392648,-0.550143,0.043850,0.312483,-0.346564,-0.367038,0.016910,0.188972,-0.212697,-0.359484,-0.134411,0.299010
0.481961,-0.066848,-0.061099,0.136167,0.209922,-0.253130,0.377936,0.327619,-0.100997,-0.131074,0.173672,0.101219
0.414136,-0.775416,0.078729,0.371162,0.156499,-0.414523,0.261094,-0.145521,-0.157374,0.084042,-0.363129,-0.052144
0.549716,-0.819999,0.322404,0.004281,-0.082024,0.170248,0.418348,0.018812,-0.161147,0.352279,-0.091078,0.086386
0.154157,-0.764401,0.360545,-0.280442,-0.218602,0.015290,0.341581,0.571372,0.017723,0.187799,-0.012482,0.192322
0.005704,-0.734607,0.158329,-0.015795,-0.227156,-0.357408,0.160225,0.347725,-0.109771,-0.008552,-0.181994,-0.157392
-0.265342,-0.899900,0.513894,0.228183,0.190002,0.509828,-0.064961,0.402956,-0.154077,-0.038012,0.207002,0.017610
0.049999,-0.649538,0.465321,0.304948,0.762090,0.468947,-0.170309,-0.182996,-0.584077,-0.025182,0.038694,-0.036442
0.222935,-1.305714,-0.667852,-0.361271,0.066848,-0.289868,-0.047045,0.219226,-0.253544,-0.119887,-0.158642,-0.267731
0.606065,-0.728690,0.362119,0.058134,0.046329,-0.098458,-0.022274,0.090923,-0.815958,-0.285819,-0.207727,-0.067330
-0.022554,-1.068955,-0.154638,0.499673,-0.311988,-0.501038,-0.038076,0.150739,0.223267,0.347498,0.187133,0.175073
0.180478,-0.416814,0.106870,-0.081727,-0.140539,-0.124882,0.081091,0.048422,-0.273729,0.263758,0.124609,0.148298
0.266062,-0.399265,1.155216,-0.440838,-0.301352,-0.216596,0.184314,-0.489220,-0.755790,0.528755,0.087806,-0.140338
0.705837,-0.680584,-0.097541,0.014036,-0.228237,-0.450822,0.013000,-0.032114,-0.196429,0.085555,-0.093110,0.116221
8.010235,1.767109,0.389090,-0.578132,-0.696230,-0.531170,0.203910,0.043600,-0.169749,0.019405,-0.122654,0.028538
8.109839,1.835092,0.375513,-0.096742,-0.325134,-0.152949,0.223008,0.336143,0.249767,0.302452,0.277779,0.047645
8.682717,2.170652,0.274485,-0.373409,-0.172189,0.005969,0.374002,-0.064764,-0.185313,0.188164,0.126051,0.117156
6.295846,3.800901,-0.154404,-0.073914,-0.519226,-0.259970,0.697727,0.147823,-0.120898,-0.104302,0.068940,0.103460
7.705844,2.339216,0.001927,-0.045377,-0.256757,0.080164,-0.065399,0.070613,-0.148765,0.051903,-0.341627,-0.056946
7.789612,1.821081,-0.179927,-0.275170,0.031278,0.139200,-0.347626,-0.221435,0.266036,0.019541,0.039955,0.187315
4.486659,2.254956,0.364800,-0.129373,0.791664,-0.308383,0.099582,0.139968,-0.201884,-0.359913,0.009698,0.130323
2.722919,-0.207834,-0.070166,-0.013884,0.635008,-0.066044,0.353456,0.185550,-0.186097,-0.451860,-0.144676,0.036535
1.567221,-0.169900,0.394759,0.123191,0.949214,-0.286747,-0.205506,0.329671,0.206825,-0.091162,-0.028708,0.171553
1.271408,0.347971,0.123883,-0.085757,1.162513,-0.138216,0.319764,0.202959,-0.072633,-0.103003,-0.063963,0.023710
0.387757,0.680338,0.501055,-0.759397,1.617203,0.288567,0.260863,0.273951,-0.095403,-0.247768,-0.320511,-0.183856
-1.382022,0.439292,-0.379142,-1.345026,1.066130,0.029216,-0.260059,0.310292,0.232311,0.026043,-0.249768,-0.001557
-2.432942,0.049456,0.065653,-0.493526,0.972651,0.048065,0.156078,0.301695,0.247584,-0.070149,0.055089,0.040416
-3.967326,0.613359,-0.913091,-0.191509,0.957101,0.025078,0.028245,0.067779,-0.331261,0.131846,-0.136874,-0.115911
-4.487437,0.693863,0.347732,0.113187,0.841147,0.083422,-0.036449,-0.228763,-0.488066,-0.039756,-0.272936,-0.114702
-5.266551,-0.205949,0.066307,-0.402469,0.192503,0.026460,-0.380807,0.135174,-0.318723,-0.008465,0.263842,0.289073
-4.878445,-0.005835,-0.405156,-0.758711,0.203420,0.409600,0.220690,0.135168,0.446695,-0.104889,-0.061883,0.033109
-5.340107,0.280250,0.084978,-0.128446,0.036253,0.035397,0.013105,-0.226879,-0.166515,0.145144,0.035851,0.036460
-5.435189,0.483600,0.441919,0.108527,-0.107380,-0.059243,-0.093617,0.064701,-0.466533,-0.113312,-0.112143,0.042765
-5.934430,-0.445519,0.472892,-0.273423,-0.146449,-0.343173,-0.254295,0.235276,-0.213357,0.121054,-0.078182,-0.019373
-5.300580,-0.350682,0.419346,-0.163753,-0.378960,-0.076042,-0.152271,-0.387155,-0.694483,-0.055957,-0.165476,-0.264323
-4.965460,-0.348393,0.568138,0.059175,-0.052828,-0.253801,-0.076627,0.111850,-0.150796,0.168821,0.122373,0.140422
-4.941986,-0.391478,0.697032,0.263186,-0.055967,-0.340388,0.162436,0.402838,-0.130564,0.076757,0.015447,0.086444
-4.407207,-0.668871,0.220319,0.014092,0.065221,-0.240086,-0.321485,-0.207568,-0.168156,0.200480,0.130749,0.206596
-4.679672,-0.535979,0.676349,0.012536,-0.202335,0.029606,0.034928,0.009534,-0.026732,0.106169,-0.023542,-0.239030
-4.297180,-0.556350,0.603263,0.100122,-0.137592,-0.122341,-0.023726,0.034406,-0.131367,0.177192,-0.305529,-0.144377
-4.377567,-0.131387,0.962094,0.411422,0.056576,0.099356,0.461830,0.013280,0.048237,0.447315,-0.146732,0.107237