0.777714,-0.132486,0.947937,0.192011,0.146657,-0.014185,-0.353812,-0.022076,-0.346797,0.341465,-0.067741,0.117343
0.421461,-0.700222,0.654193,-0.226445,-0.039528,-0.208835,-0.642908,-0.461590,-0.390142,0.308042,-0.004747,0.397328
0.701904,-0.393465,0.559784,-0.221326,-0.013337,-0.492991,0.018154,0.302139,-0.088222,-0.021956,-0.232709,0.020107
-0.196596,-0.857849,-0.223831,-0.455522,-0.374166,-0.144103,0.030170,0.415488,0.502181,-0.079965,-0.166922,0.147253
5.939768,3.458454,0.555523,-0.401935,-0.052310,-0.131026,-0.560019,-0.104002,-0.172628,-0.054603,0.091831,-0.069938
6.460649,1.816340,0.751792,-0.358282,-0.295601,-0.262542,-0.367795,-0.366820,-0.109648,0.208152,0.025273,-0.193211
-0.111135,-0.066792,0.355843,0.019711,0.033668,0.363166,0.249259,-0.124487,-0.147198,0.467215,0.030067,0.041000
0.346224,-0.232775,0.729371,0.559427,-0.145274,-0.267764,0.204767,-0.125460,-0.097752,0.049990,0.215075,0.286110
-0.015290,-0.387878,0.453007,0.172157,-0.291889,-0.084882,-0.060126,0.161324,0.113444,-0.045832,0.095958,0.294290
0.639246,-0.282088,0.042649,0.171798,-0.096851,-0.329778,-0.185420,-0.046796,0.069897,0.207762,0.302946,0.120681
0.460107,-0.589494,0.647020,0.072759,0.189125,-0.166005,-0.323362,0.334119,-0.156562,-0.104448,0.035458,0.052964
0.191528,-0.944583,-0.029538,0.035943,-0.252958,-0.431896,0.120825,0.053514,-0.178274,-0.057336,0.440390,0.340988
0.342805,-0.440716,0.018007,-0.000269,0.009173,-0.267024,0.090251,0.064805,0.069564,0.167457,-0.022672,0.125947
0.392957,-0.442307,0.254807,0.245626,0.006922,0.043468,0.131140,-0.031547,-0.304939,-0.319094,-0.125886,-0.036133
0.727808,-0.494493,0.306857,0.235195,0.203863,-0.333456,-0.112366,0.153531,-0.166828,-0.093447,0.143632,0.052442
0.603271,-0.819541,0.098746,0.007291,0.150852,-0.396676,-0.044709,0.014207,-0.146072,-0.026230,-0.333759,-0.070800
5.085970,1.154480,0.034846,-0.045770,-0.672818,-0.415640,0.237960,0.163677,0.316891,0.086577,-0.274982,-0.050118
8.088305,2.075403,0.297399,-0.133213,-0.980615,-0.511127,0.194158,0.294479,0.108595,-0.013380,-0.278841,0.038186
8.797642,1.339504,0.040308,-0.076697,0.034646,-0.336598,0.366402,0.417737,-0.096981,-0.157941,-0.221764,-0.119431
8.303244,2.082104,-0.322642,0.044362,-0.757627,-0.143822,0.305711,0.163547,0.143052,0.129536,0.045727,-0.137930
8.331952,1.843144,0.065011,0.122293,-0.605063,0.140646,-0.006981,-0.220387,-0.182331,0.127892,-0.003604,-0.072441
6.803169,2.948260,-0.161740,-0.070602,-0.040646,0.437018,0.328484,0.162085,-0.017801,-0.321013,-0.067801,0.143469
6.171865,2.184973,0.009013,-0.017076,0.403311,0.449455,0.230026,0.204479,-0.340897,-0.288280,-0.058180,-0.222005
4.640370,1.399386,-0.353287,0.012098,0.643840,0.037435,0.207334,0.419966,-0.147893,-0.316501,-0.271215,-0.042717
2.381377,0.694977,-1.018619,-0.581284,1.150253,0.207448,-0.303611,0.002991,-0.166778,-0.081666,-0.470454,0.143270
2.641561,0.709237,-0.387154,-0.263409,0.250725,-0.354156,-0.187203,-0.025435,-0.135705,0.222015,-0.169035,-0.087792
1.655939,0.581866,-0.029769,0.228439,0.732436,-0.226503,-0.122652,0.041351,-0.318698,-0.030645,0.066523,0.095626
0.663268,0.191597,-0.458679,0.272150,1.055644,0.090221,-0.001651,0.080606,-0.265694,-0.057454,0.041582,0.210237
-0.604248,0.398718,-1.062422,-0.337904,0.410613,-0.103480,0.131792,0.233983,-0.046507,-0.350323,-0.335804,-0.158084
-1.929854,1.209808,-0.807147,-1.055949,0.170989,0.269543,-0.129166,-0.125542,-0.094259,-0.279608,-0.081555,-0.179809
-2.271279,0.953832,-1.043649,-1.009949,0.018543,0.212209,0.129678,0.066939,0.046557,0.014556,-0.169507,0.104603
-3.006598,0.718097,-0.762740,-0.761065,0.649591,0.286128,-0.479687,0.130698,-0.306495,-0.338822,-0.107052,0.206815
-3.519446,0.913351,-0.129313,-0.216066,0.581011,0.376515,-0.180115,0.136934,-0.310272,-0.108446,0.096089,0.394608
-4.053928,0.396745,0.196593,-0.005764,-0.047406,-0.044519,-0.025936,0.224661,-0.155078,-0.098460,0.103747,0.302032
-4.906641,-0.070378,0.587661,0.355623,-0.273163,0.097719,-0.315583,-0.324943,-0.249835,0.115412,-0.216153,-0.176945
-4.844346,0.273884,0.691681,-0.035983,0.161340,0.158510,0.145258,0.412416,-0.334651,-0.271542,-0.470448,0.027492
-4.916489,-0.091941,0.567193,0.307115,-0.356005,-0.369277,0.018974,0.289534,0.092666,-0.104795,-0.054295,-0.179034
-4.818422,-0.310566,0.344521,-0.231051,-0.155106,-0.294293,0.648749,-0.096166,0.000814,0.222423,-0.024528,-0.170247
-5.440252,-0.785382,0.583047,0.025908,0.124933,-0.097713,-0.670560,-0.030055,-0.042658,0.169819,0.077454,0.027472
-4.623826,-0.506746,0.681183,-0.379681,-0.207136,-0.082723,0.044223,-0.048717,-0.129397,0.201433,-0.331219,0.353627
-4.199510,-0.248863,0.462421,0.114609,-0.095524,-0.530459,-0.430420,0.255211,-0.052447,-0.131725,0.071385,0.212712
-3.771512,0.076715,0.402221,0.200151,-0.200373,-0.008914,-0.109811,0.256955,0.036264,0.110306,0.131041,0.141743
-3.914716,-0.314420,0.612316,0.675301,-0.503596,-0.153318,-0.030917,0.057165,-0.083471,-0.004149,0.396964,0.083333
-3.325333,0.004667,0.270811,-0.148493,-0.296041,0.201671,-0.025909,0.189046,-0.104623,0.250577,0.117177,0.143517
-3.158905,-0.091101,0.607277,0.492458,0.287591,-0.250026,0.016707,0.231817,-0.094965,0.084236,0.057307,-0.023384
-3.581213,-0.497431,0.656599,0.748149,0.188500,0.019825,0.338611,0.256626,0.130553,-0.313085,-0.125331,0.046963
-2.967298,0.382295,1.201366,-0.157851,-0.399276,0.597443,0.534347,-0.052990,-0.063539,-0.002556,-0.122271,0.170935
-2.282682,0.485357,1.212992,0.362527,0.113383,0.061163,0.109114,0.316447,-0.083632,0.020064,0.135258,0.453855
-1.954959,0.130662,0.961622,0.496077,0.041317,0.106037,0.081745,0.218973,-0.032173,0.095615,-0.148208,0.143901
-2.223511,-0.613179,0.751336,0.629023,0.094080,0.343579,-0.001376,-0.209187,-0.449591,0.282103,-0.008659,0.106560