0.163622,0.386550,0.944179,-0.050877,0.043337,-0.560006,-0.295809,0.604091,-0.235937,0.222898,-0.302267,-0.164214
0.262097,0.103773,0.824463,0.083860,-0.085745,-0.533782,-0.576551,0.507110,-0.076466,0.332180,-0.170281,-0.117125
-0.447983,-1.016604,0.630640,0.452593,0.107578,-0.324054,-0.528546,0.371663,-0.465391,-0.098035,0.198245,-0.050324
-0.014959,-0.734793,0.454412,0.312208,-0.472278,-0.644359,-0.046120,0.136149,-0.455278,0.272213,-0.080974,-0.199679
0.406245,-0.715667,0.254719,0.422728,0.116663,-0.002393,0.373396,0.386608,-0.011674,0.132472,-0.476027,0.027408
-0.042515,-0.650813,0.397404,0.493437,0.239192,0.226604,-0.398395,-0.176113,0.100029,0.000936,-0.699950,-0.142652
0.614424,-0.478213,0.097170,0.518144,0.041675,-0.608014,-0.295217,-0.309618,-0.432087,0.247616,-0.040356,0.255263
0.404977,-0.521155,0.205293,0.708920,0.435793,-0.539759,-0.398228,-0.053853,-0.097232,0.190951,-0.110423,-0.016183
0.364459,-0.513406,0.346693,0.156467,-0.370498,-0.344287,-0.425306,-0.061548,-0.212004,0.138362,-0.146971,0.039514
0.668425,0.056655,0.755685,-0.014412,-0.236202,-0.112806,-0.069157,-0.263504,-0.386391,0.069295,0.091860,-0.019754
0.774941,-0.469505,0.181279,0.186120,-0.148335,-0.056380,-0.199084,-0.402148,-0.068750,0.137916,-0.183815,0.107739
0.584471,-0.623688,-0.023281,-0.529130,-0.538537,-0.295768,0.212574,-0.149117,-0.093058,0.099042,-0.089422,0.086949
0.742484,-0.386012,0.501595,-0.370118,-0.354218,-0.228052,-0.019170,0.042677,-0.243835,0.120033,-0.224191,0.033716
0.397037,-0.548921,0.566978,-0.193736,-0.212945,-0.044243,-0.125796,0.147566,-0.061145,0.162300,-0.102407,-0.170526
0.703065,-0.049353,0.920843,-0.520847,0.046641,0.388079,-0.015808,-0.239179,-0.043812,-0.009659,-0.028505,0.025408
6.825795,2.111097,0.379045,-0.314783,-0.763438,-0.500533,-0.283017,0.064461,-0.077470,0.148912,-0.284233,0.088098
8.404299,2.200248,0.419474,-0.133487,-0.874147,-0.238404,0.023876,0.333815,-0.339605,-0.058799,-0.196998,-0.108725
7.481139,2.830411,0.068613,-0.242849,-1.128330,-0.237786,0.498619,0.274392,-0.362245,-0.147283,-0.186288,-0.286627
8.842823,1.866609,0.076244,-0.048623,-0.831605,-0.430573,0.402433,0.426650,-0.080880,0.189014,-0.034380,-0.244728
9.200840,2.233697,-0.073492,-0.565089,-1.083020,-0.517226,0.408171,0.530814,-0.236800,-0.121164,0.148621,-0.083231
9.530003,1.451558,0.095220,-0.884593,-1.113777,-0.435148,-0.022065,-0.209967,-0.220074,-0.011712,-0.137998,-0.201734
8.026340,2.842137,0.230281,-0.827453,-0.783086,-0.336158,0.157886,0.277434,-0.528499,-0.124371,-0.229981,-0.017854
8.880224,1.929212,-0.007548,-0.526442,-0.565850,-0.495529,-0.120746,0.193956,0.037712,-0.073474,0.056033,-0.104593
8.585279,2.103491,-0.209909,-0.639899,-0.350259,0.046726,-0.166141,-0.025258,-0.329355,-0.234253,0.364937,-0.095459
7.537958,3.028261,-0.635076,-0.322558,-0.464405,-0.289236,0.034175,0.904216,0.016722,-0.274082,0.385863,-0.079410
7.470833,2.925234,-0.339521,-0.327796,-0.355023,-0.154317,0.273996,0.643288,0.030063,-0.320818,0.171926,0.013331
7.042421,1.980951,0.072571,-0.324501,0.162923,0.456113,0.309757,-0.036499,-0.127080,-0.184089,0.094509,-0.132297
4.324382,2.010750,0.507382,0.013253,0.509563,0.620768,0.243080,0.186547,-0.116832,-0.392427,-0.336385,-0.349299
3.219006,1.499592,0.558923,-0.487910,0.857094,0.244626,-0.163910,0.311133,-0.289729,-0.226366,0.037154,-0.154992
1.977131,-0.025284,-0.144555,-0.368521,0.865918,0.130612,-0.089580,0.494230,-0.266239,-0.478899,0.089036,-0.219853
1.222138,-0.188011,-0.125767,-0.814457,1.155935,0.062919,-0.224219,0.302989,-0.257302,-0.216241,0.075965,-0.182644
0.678992,-0.306767,-0.633247,-0.967213,0.819829,0.130725,-0.697490,-0.095468,-0.431444,-0.172449,0.218157,-0.354787
0.587528,-0.613904,-0.815175,-0.916105,0.465454,-0.020584,-0.145760,0.372666,-0.013570,0.018611,0.141171,-0.329087
-0.032705,-1.008274,-0.356460,-1.048630,0.798402,0.114347,-0.216075,0.393192,-0.118449,-0.266005,-0.011664,0.028515
-0.243485,-0.313007,-0.247702,-0.745054,1.058719,-0.526393,-0.469503,0.790730,0.038718,-0.220541,-0.191838,-0.218861
-1.413690,-1.059031,-1.257971,-1.930207,0.532854,0.184458,0.151024,0.845976,0.330426,-0.111416,0.235758,-0.291806
-1.547624,-0.153970,-0.775212,-1.206164,0.447261,-0.315629,-0.589504,-0.113080,-0.181563,-0.288772,0.255013,-0.018613
-2.681393,0.594095,-0.330407,-0.941146,0.502701,-0.006915,-0.858915,-0.292778,-0.248286,-0.635153,0.123093,0.674137
-3.807867,0.663362,-0.677552,-0.822245,-0.471285,-0.506395,-0.476646,-0.434904,-0.428129,-0.166378,0.061262,0.039707
-3.148054,1.168719,-0.654463,-0.882070,0.296154,-0.004874,-0.225131,-0.001184,-0.212510,0.114701,-0.037401,0.037801
-3.741915,0.661639,-0.127803,-1.005935,0.171200,-0.282676,-0.140136,-0.050898,-0.030320,-0.037018,-0.296144,0.019578
-4.271723,0.310562,-0.086382,-0.082447,0.242542,0.150457,-0.355500,-0.176900,-0.127262,0.195670,0.159884,-0.028061
-3.922748,0.586507,0.173524,-0.358165,-0.030905,0.038670,-0.292205,0.057772,-0.220704,-0.008008,0.041308,-0.061150
-4.777085,0.291095,0.707972,-0.834418,-0.329582,-0.076162,-0.518626,-0.119382,-0.260047,-0.130832,-0.161398,0.188243
-4.424378,0.114560,0.614186,-0.387686,0.138930,0.699543,0.174459,-0.257938,-0.303493,-0.096158,-0.061062,0.099076
-3.559537,-0.245556,0.434087,-0.543739,0.089582,0.017823,0.046489,0.156305,-0.124713,0.151834,0.125290,-0.004036
-4.427438,-0.437812,0.663346,-0.025073,0.018910,0.409265,0.095760,0.166437,-0.152553,0.042886,0.117282,0.272300
-4.268172,-0.347707,0.709647,0.015022,0.245508,0.160767,-0.018166,0.057327,0.130198,-0.104401,0.020500,0.062984
-3.900228,-0.488610,0.550734,0.277593,0.003864,-0.121720,0.117594,0.176477,0.165843,0.193936,0.007957,0.114532
-3.999730,-0.442001,0.554951,0.456131,0.205156,0.067894,0.185839,0.040220,-0.104475,0.104314,0.136489,0.018769