0.530255,-0.386074,0.548858,0.046572,0.751015,-0.117206,0.085510,0.124587,-0.240634,-0.188964,-0.507008,-0.002588
0.713343,-0.506007,0.430593,-0.160832,0.326994,-0.350434,-0.273199,-0.043661,-0.146490,-0.035687,-0.272745,0.201910
0.443530,-0.146487,0.453725,0.221913,-0.593722,-0.126262,0.260048,0.137536,0.042062,0.360396,0.164472,-0.019531
0.105885,-1.209938,-0.066510,-0.349102,-0.255932,-0.376012,-0.181062,0.240879,-0.193888,0.275019,-0.286333,0.091678
-0.431124,-0.881871,0.063131,-0.065893,-0.093235,-0.169753,-0.236004,0.070919,-0.236551,-0.097844,-0.378275,-0.280543
-0.040928,-0.426627,0.562278,0.200064,-0.539446,-0.661896,0.001697,0.069943,-0.004128,-0.007496,-0.293477,-0.163282
0.185428,-0.301231,1.070105,0.355070,0.173607,-0.476910,-0.056729,0.294172,0.332094,-0.169945,-0.215538,0.035846
0.596766,-0.209864,0.510010,0.064748,0.137522,0.105197,0.221649,-0.084377,-0.239443,0.071035,-0.267686,-0.002078
0.186983,-1.236548,0.211451,0.035945,0.180451,-0.010471,-0.361018,-0.069897,-0.125472,0.138943,-0.421356,-0.130257
0.324154,-0.446800,0.875015,0.518452,0.113753,-0.128679,0.199856,0.075756,-0.075116,0.100137,-0.484130,-0.182033
0.516999,-0.985045,0.417235,0.280111,0.225318,-0.008259,-0.564231,-0.253228,-0.242918,0.102321,-0.268506,-0.095096
0.873568,-0.921020,0.363599,-0.198159,-0.324185,-0.190108,-0.187086,-0.028464,0.047068,0.404157,-0.057229,0.338185
0.706856,-0.660718,0.449545,-0.050991,-0.351999,-0.443746,0.009220,0.096274,-0.314594,0.216649,-0.216114,0.077925
-0.045052,-1.211351,0.001163,0.085797,-0.123363,-0.260380,0.077653,-0.258069,-0.433414,0.046064,-0.376302,-0.328511
-0.089646,-1.238210,0.149227,0.185396,-0.070634,0.029929,0.184251,-0.130488,-0.360426,0.410085,-0.111851,0.092249
0.257501,-0.464661,0.972480,0.227243,-0.274169,-0.062695,0.149096,0.048764,-0.218145,-0.067638,-0.209626,0.094455
-0.230646,-1.285773,0.355635,0.255104,-0.350063,-0.352904,-0.376197,0.092536,-0.280253,0.253481,0.212821,0.465710
1.285159,-0.170454,0.096610,-0.162149,-0.677242,-0.957611,-0.200787,0.150935,-0.203525,0.005498,0.062307,-0.054756
7.536946,0.790255,-0.094723,0.233759,-1.128355,-0.738722,0.184383,0.275747,0.203380,-0.177962,0.330719,-0.243932
9.360095,2.347250,-0.436737,0.051440,-1.373035,-0.821606,0.732801,-0.043558,-0.159196,-0.503374,0.094101,-0.421837
11.064097,1.353280,-0.868887,-0.098552,-0.530730,-0.219929,0.550773,0.013157,-0.150339,-0.021738,-0.074769,-0.019466
10.183923,1.379330,-0.282200,-0.749902,-1.077829,-0.438178,0.166517,0.553358,-0.552010,-0.391688,0.166721,0.019405
9.873620,1.508331,-0.559261,-0.588268,-0.649155,0.004963,0.296400,0.348345,0.076896,-0.528663,-0.137816,-0.147358
7.883020,2.077579,-1.075362,-0.547721,-0.609914,0.400995,0.049336,0.256253,-0.056655,-0.345770,-0.062644,-0.119511
5.852688,0.654109,-0.429397,-0.332996,0.072611,-0.055038,-0.297909,0.083981,0.126673,-0.172419,-0.023549,-0.033743
4.373682,1.362845,0.083175,-0.180968,0.517055,-0.040843,-0.092735,0.035924,0.211558,-0.347240,0.067782,-0.043044
3.379893,1.033782,-0.225651,-0.246416,0.521082,-0.348487,-0.345936,0.608676,0.107258,-0.503496,-0.244060,-0.059139
1.614055,0.578365,-0.435427,-0.399290,0.558753,-0.268609,-0.423604,0.623669,0.112703,-0.357761,0.187443,0.107100
-0.668475,0.000728,-0.495238,-0.728576,-0.227947,-0.195213,-0.354881,0.056393,0.034448,-0.248268,-0.282824,-0.154720
-1.907956,0.592333,-0.350053,-0.854207,-0.205482,-0.050974,-0.206599,0.067060,0.009885,-0.328859,-0.085588,0.131189
-2.954366,0.518218,0.002602,-0.634455,-0.075931,0.293978,-0.201510,0.026012,-0.151791,-0.278849,0.062432,-0.005384
-3.624677,0.356442,-0.332047,-0.682043,0.004627,-0.228058,-0.189155,-0.133629,-0.033061,-0.044043,-0.045187,0.022653
-5.221761,-0.080782,0.393024,0.169218,0.250527,0.037807,0.310133,0.311046,-0.060723,0.157420,0.236229,0.310161
-4.997252,0.563917,0.724214,0.126104,0.192989,0.064699,0.419208,0.223234,-0.167500,0.103926,-0.100560,0.142143
-5.006017,0.370459,0.526197,0.125891,0.443493,0.182876,0.103361,-0.107421,-0.221813,0.115664,-0.080774,0.326032
-5.778111,0.100390,0.704358,-0.057662,0.171683,0.270328,-0.119791,-0.034041,-0.226666,-0.156721,-0.344397,-0.015691
-5.681725,-0.469228,0.484049,0.539148,0.204794,-0.217992,-0.164851,-0.241951,-0.235076,0.407683,-0.083766,0.108213
-5.481750,-0.177224,0.760853,0.246711,0.322592,-0.007345,-0.315593,0.348837,0.075275,0.362985,-0.123483,-0.162970
-5.804365,0.293923,0.585884,0.439048,0.597429,0.103338,-0.162523,0.003190,-0.341598,0.009029,0.151773,0.138413
-5.819071,-0.466252,0.703648,0.476343,0.068620,-0.398687,-0.268812,-0.253659,-0.560744,-0.164292,-0.049292,0.139675
-5.694538,-0.556688,1.148251,0.594677,0.077657,-0.043270,0.066507,0.070713,-0.549084,-0.100079,-0.027665,0.185760
-4.720091,-0.119703,0.423257,0.211796,0.245095,0.219948,0.261115,0.110037,-0.231284,0.070112,0.176303,0.271807
-4.915018,-0.206192,0.585231,0.435704,-0.271893,0.055085,0.053052,0.066085,-0.333145,-0.074036,-0.122668,0.150171
-4.579496,-0.231215,1.034145,0.225675,-0.075739,0.146942,-0.069624,-0.222737,-0.566133,-0.158165,-0.228979,0.034607
-4.517916,-0.438328,0.808957,0.070455,-0.592543,-0.267847,-0.089431,0.058426,-0.335078,0.070684,-0.061622,-0.001922
-4.529196,-0.586371,0.826429,0.186262,-0.329515,-0.297000,-0.019145,-0.120412,-0.134380,0.219005,0.161963,0.176959
-4.684403,-0.658215,0.679294,0.471697,-0.481508,-0.857780,-0.023622,0.122203,-0.045028,0.135922,0.011554,0.199569
-4.078030,-0.233418,0.657426,0.090476,-0.387068,-0.226527,0.624656,0.465893,-0.006042,0.044035,-0.065037,0.343322
-3.886776,-0.250076,0.621546,0.143120,-0.136242,-0.619915,0.277877,0.476169,0.082725,0.227875,-0.082960,0.016880
-3.984828,-0.580942,0.275562,-0.116529,-0.227648,-0.331640,-0.177999,-0.237803,-0.282149,0.011178,-0.428099,-0.344568