2.045242,0.105444,1.113583,-0.462703,-0.445952,-0.730036,-0.572257,0.501230,-0.546302,-0.149134,-0.525620,0.016880
2.010696,0.081636,1.353889,-0.552525,-0.778962,-0.942251,-0.820768,0.491704,-0.518880,-0.198770,-0.519431,0.160650
1.860064,-0.114610,1.613632,-0.427279,-0.462245,-0.104282,-0.566897,-0.101809,-0.305003,0.202513,-0.223305,0.607728
1.501455,-0.484490,1.361534,0.776311,0.096436,0.344110,-0.022700,-0.112786,-0.231406,0.338445,-0.316737,-0.165367
1.763541,-0.544938,0.827543,-0.357432,-0.436097,-0.454285,-0.535179,0.113981,-0.734337,0.117280,-0.314422,-0.098639
1.331423,-0.950393,1.181134,0.317856,0.252817,-0.261265,-0.327455,0.312128,-0.536501,-0.308981,-0.322724,0.134078
1.394784,-0.727929,0.970267,0.585295,0.556382,0.266510,-0.231159,0.178873,-0.255021,0.327653,-0.219715,0.236025
0.730073,-1.061046,0.910490,0.245041,0.388426,0.132450,-0.327921,0.096228,-0.211044,0.580780,-0.327123,0.131062
0.712515,-1.164777,0.940430,0.302128,0.361503,-0.065838,-0.165536,0.452860,-0.383498,0.460819,-0.252258,0.298355
0.755183,-1.008801,0.511288,-0.438898,-0.463188,-0.287979,-0.225165,0.690654,-0.318944,0.085505,-0.088349,0.417558
0.316637,-1.509703,0.645460,-0.331793,-0.720233,-0.420634,-0.235826,0.165792,-0.438416,-0.037172,-0.414005,0.234258
6.814600,-1.746525,0.592599,1.052270,-0.661688,-0.524234,0.723839,-0.242706,-0.562957,0.131022,0.621300,0.089828
9.715573,0.371773,0.500949,0.390323,-1.385556,-0.339525,0.875536,0.153745,-0.279149,0.131994,0.081857,-0.227805
10.093454,0.546969,0.109066,0.655101,-0.511369,-0.504204,0.023355,0.241895,-0.175167,0.195456,-0.074621,-0.122836
10.091999,0.771012,-0.065193,0.280857,-0.741213,-0.586556,0.297224,0.550649,-0.288564,0.147475,-0.044238,-0.092737
8.871520,1.014591,-0.214236,0.209623,-0.590746,-0.554101,0.579187,0.212114,-0.417578,-0.248138,0.336425,0.101737
6.109948,1.150933,0.380623,-0.199107,-0.350833,-0.435143,0.589843,1.050814,-0.353934,-0.148556,0.179994,0.036165
4.859912,0.026174,0.714064,0.434684,0.150810,-1.056749,-0.076237,0.334702,-0.257802,-0.143710,0.053732,0.209845
3.766884,-1.629898,0.396742,-0.009447,0.723017,-0.179641,-0.333335,0.392938,-0.011712,-0.112523,-0.317888,-0.161942
4.315868,-1.390889,0.706320,-0.025968,0.631732,-0.230879,-0.220212,0.428735,-0.093433,-0.144361,-0.345454,-0.220666
3.792060,-0.425170,1.443560,-0.712336,0.672799,0.179243,-0.132601,0.126408,-0.565942,-0.037066,-0.103605,-0.410803
2.591248,-0.946860,1.821130,-0.296052,1.395320,-0.113398,0.068996,0.341299,0.028363,-0.075110,-0.325004,-0.030102
1.387894,-1.481006,1.117504,-0.026714,0.838241,-0.085310,0.361319,0.682950,-0.128255,-0.010496,0.097836,0.366980
0.685283,-1.809213,-0.018221,-0.261046,1.085178,-0.405184,0.352234,0.508731,0.057540,0.058148,0.017050,0.115634
-0.760530,-0.289625,0.185210,-0.051830,0.467358,-0.218806,-0.391673,0.504187,-0.039452,0.139311,-0.396297,0.068200
-2.929287,-1.113299,0.870584,-0.419239,-0.014283,0.090184,-0.273626,0.081186,-0.037012,0.156405,-0.007935,0.376321
-3.442565,-1.111473,0.702676,0.443396,0.712929,0.127318,-0.260953,0.509779,-0.272302,0.283729,-0.124734,0.115537
-4.722516,-1.382330,1.088731,-0.283829,0.813542,0.282205,0.019958,0.353990,-0.678675,0.537102,-0.250626,0.229188
-4.345638,-1.245448,1.160605,0.640079,0.502565,-0.048101,-0.276561,0.186925,-0.452024,0.483703,-0.356245,0.201528
-4.126157,-0.455429,1.087853,-0.108961,-0.032003,-0.128273,-0.165995,0.307841,-0.421331,0.419549,-0.243528,0.533315
-4.389135,-1.119318,1.430786,-0.167817,-0.073891,0.113009,-0.315030,0.438491,-0.173324,0.551815,-0.115367,0.252803
-4.342321,-0.548415,1.508236,-0.348103,-0.316296,0.062767,-0.380626,0.482470,-0.373773,0.062765,-0.331765,0.339002
-3.878128,-0.636464,1.471089,0.847243,0.088530,-0.031386,-0.204862,0.747063,-0.390148,0.175041,0.080687,0.302331
-3.462867,-0.596639,1.212774,0.461776,0.422364,0.065657,-0.278817,0.399535,-0.627221,0.327100,0.075365,0.279844
-3.353326,-0.784457,0.856320,0.249307,0.201626,-0.272528,-0.517614,0.137337,-0.512182,0.282067,-0.184321,0.272560
-4.399580,-1.283174,1.209975,0.576718,0.107150,-0.347570,-0.805432,0.341961,-0.377170,0.311968,-0.360861,0.101503
-3.909483,-1.055685,0.586517,-0.008137,0.138602,-0.283316,-0.206701,0.521449,-0.272811,0.527688,-0.355232,0.175460
-3.386482,-0.808772,0.888153,0.057350,0.280329,0.175839,-0.395862,0.367520,-0.391013,0.133835,-0.222512,0.274357
-2.950232,-1.031295,1.257618,0.189420,0.490605,-0.145044,-0.215144,0.616158,-0.267989,0.536668,-0.014752,0.177778
-3.142494,-0.996534,1.509707,0.446474,0.104897,-0.052863,0.226699,0.467846,-0.514605,0.190688,-0.167444,0.268426
-2.641095,-1.307559,0.983710,0.773778,-0.451275,-0.188752,-0.114627,0.484554,-0.193673,0.203981,-0.241653,0.271487
-2.516539,-1.614604,1.214774,0.357623,-0.333999,-0.641315,-0.174243,0.451076,-0.583227,0.113685,-0.485312,0.291327
-2.154770,-1.293876,1.301428,0.211586,0.591479,-0.072777,-0.182935,0.389398,-0.540947,0.252603,-0.283319,0.413040
-1.877763,-1.423907,0.666119,-0.103228,0.158693,0.098564,-0.160221,0.425890,-0.327560,0.147465,-0.304702,0.124016
-2.101869,-1.560343,0.930352,-0.148525,0.018035,-0.410077,-0.045905,0.510897,-0.189709,0.340326,-0.252566,0.177872
-1.528377,-1.484994,1.011393,-0.172640,-0.323607,-0.172783,0.074890,0.532539,-0.212921,0.025933,-0.271351,0.423809
-0.900470,-0.525271,1.962401,0.347855,0.050312,0.054497,-0.072656,0.348601,-0.119152,0.272573,-0.278777,-0.003434
-1.460112,-1.031088,1.574717,0.019827,-0.148161,-0.391862,0.140775,0.550814,-0.694870,0.074760,-0.212996,0.284759
-1.647645,-1.628082,1.701056,-0.053983,-0.064982,-0.229682,0.392257,0.837054,-0.619145,0.172165,-0.024781,0.324459
-1.427216,-1.695614,1.604885,0.158425,0.247592,-0.109620,-0.408629,0.166152,-0.217618,0.686939,0.109295,-0.007533