-0.852726,-0.152343,1.605543,-0.052201,0.390457,0.039149,0.081875,0.252327,-0.261156,0.363961,-0.313274,0.140242
-1.406541,-0.867725,1.740248,-0.045736,0.453846,-0.149479,-0.207512,0.071382,-0.457076,0.563906,-0.088827,0.115849
-0.686508,-1.238993,1.555857,-0.252482,0.112049,0.305949,0.071954,0.346696,-0.512519,0.005855,-0.531725,-0.183854
-0.047419,-0.821625,1.135422,-0.356060,-0.312691,0.219477,0.112028,0.596893,0.015653,0.222430,-0.250801,0.158113
-0.154049,-0.827633,0.999752,-0.094417,0.037602,-0.672461,-0.517819,0.256614,-0.541906,-0.264299,-0.195956,0.218045
0.144987,-0.865143,1.205770,0.242157,0.348278,0.221418,-0.508471,-0.072968,-0.316203,0.202287,0.028591,0.239474
0.810015,-0.537967,1.728711,-0.037094,-0.352718,-0.506186,0.497186,0.444534,-0.522236,0.068077,-0.349024,0.370348
0.443355,-0.992601,0.543636,-0.070545,-0.045888,-0.451017,0.017861,0.188188,-0.494401,0.594859,0.073841,0.423682
0.919442,-0.771442,0.836843,-0.179663,0.191587,-0.207750,-0.298099,-0.185952,-0.577000,0.048466,-0.101004,0.231868
0.855688,-0.960671,1.137150,0.073691,0.040880,-0.085766,0.041826,0.248675,-0.209523,0.060513,-0.179386,0.044663
1.260076,-0.157866,1.328196,0.179428,-0.371535,-0.086536,0.153401,0.276452,-0.514906,0.312565,-0.223830,0.172120
1.155918,-0.631515,1.403570,0.137405,-0.274567,-0.145471,0.066375,0.020927,-0.575404,0.312275,-0.358784,0.063324
3.467173,-0.213122,1.315825,0.463231,-0.691873,-0.128883,-0.066707,0.316319,-0.401199,0.140157,-0.090748,0.035371
7.709593,1.091574,1.019602,0.759223,-1.271766,-0.328708,0.616126,0.012765,-0.427234,0.396534,0.184548,-0.286982
8.669753,0.688610,0.694663,0.610723,-0.949429,-0.372554,0.557361,0.365644,-0.404043,0.071222,-0.034615,-0.197641
8.506722,0.848359,0.612075,0.562467,-0.858714,-0.123870,0.386192,0.306809,-0.317528,-0.078785,0.027431,-0.130366
7.923496,1.254165,0.625926,0.650886,-1.093458,-0.299679,0.591227,0.287082,-0.136256,-0.093558,-0.068622,-0.369607
8.038921,1.395783,0.488755,0.551279,-0.803282,-0.366890,0.645802,0.100123,-0.384937,-0.032307,0.110885,-0.428678
7.258173,1.583861,0.682448,0.341003,-0.491995,-0.507033,0.726794,0.517532,-0.432335,-0.298437,0.185573,-0.123629
6.294832,2.014683,0.450855,0.386227,-0.440994,-0.243622,0.373892,0.655476,-0.342236,-0.147792,0.193831,-0.030179
5.280357,1.231754,0.862602,-0.084053,0.090527,0.085548,0.510007,0.336919,-0.272006,-0.002428,0.024927,0.057200
3.686803,-0.668925,0.960858,-1.253131,0.344337,-0.173307,-0.135410,0.067007,-0.037035,0.478695,-0.057068,-0.024262
3.031861,-2.608803,0.040534,-0.961862,0.284942,-0.393391,-0.424774,0.673469,-0.121814,0.317077,0.249180,-0.009251
2.400848,-3.665917,-0.147956,-0.825474,0.292609,-1.087252,-0.172566,0.523853,-0.208794,0.301841,-0.048373,0.386987
1.018617,-3.715864,0.062626,-1.189113,0.784150,-0.216606,0.454810,1.128139,0.007346,-0.002790,-0.207341,0.035383
1.422813,-2.688781,0.517770,-1.141485,0.468460,-0.457338,0.013165,0.767720,-0.344079,0.194274,0.281889,-0.026890
0.740161,-3.870981,-0.124165,-0.839283,0.640509,-0.719546,0.004504,0.297607,-0.320020,0.083021,-0.023387,0.085573
0.707314,-3.914413,-0.462159,-0.909543,-0.051179,-0.458851,-0.041388,0.419927,-0.058178,0.048595,-0.169439,0.106564
-0.115752,-3.257971,-0.012938,-1.110324,0.166404,-0.424343,0.159093,0.581718,-0.601632,-0.296216,-0.151671,-0.323654
-0.722692,-2.180623,0.412429,-0.696814,0.296482,-0.446436,-0.069563,0.504381,-0.641638,-0.355044,-0.383984,0.283387
-2.299329,-1.376855,0.480971,-0.424995,0.364488,-0.029124,-0.090592,0.679120,-0.028133,0.125594,-0.018538,0.360123
-2.069906,-0.534164,0.704386,-0.097695,0.216288,-0.119767,-0.721817,0.151329,-0.436344,0.151278,-0.304811,0.244473
-2.701121,-0.460323,0.330584,-0.209245,0.495710,-0.306990,-0.639758,0.035426,-0.415599,0.363851,-0.443348,0.216746
-3.168351,-1.044999,0.461140,0.224551,0.426733,-0.077204,-0.318015,-0.054906,-0.637289,0.490384,-0.018346,0.265873
-3.745983,-1.268950,0.493485,-0.208555,0.004170,-0.369229,-0.317446,0.239675,-0.615733,0.145674,-0.608407,0.263585
-3.194422,-0.397833,1.157187,0.111006,0.200749,-0.310494,-0.304820,0.375241,-0.206301,0.473595,-0.311463,0.253736
-3.641673,-0.385879,1.397530,-0.280734,0.253213,-0.140621,0.210948,0.573268,-0.458028,0.420036,-0.168663,0.411046
-3.298553,-0.829657,1.474215,0.414828,0.374997,-0.411609,0.111486,0.664828,-0.572517,0.121110,-0.225434,0.141136
-2.997068,-0.566339,1.874897,0.213354,0.284155,-0.146390,0.065683,0.501765,-0.581091,0.066037,-0.480597,-0.157883
-2.729237,-1.247033,1.366962,0.364514,0.289511,-0.066298,-0.184916,0.317103,-0.338406,0.183942,-0.271845,0.185951
-2.602621,-1.624650,0.981435,0.449907,-0.322885,-0.057785,-0.574273,-0.035506,-0.281450,0.112503,-0.251572,0.039183
-2.367794,-1.414717,1.398938,0.804646,0.240153,-0.073604,-0.192321,0.290033,-0.428851,-0.131932,-0.207383,0.288919
-2.473749,-0.883102,1.729270,0.367600,0.381123,-0.002899,-0.194528,0.440463,-0.365746,0.101535,-0.099005,0.448640
-2.357465,-1.721941,1.590966,0.027083,0.470273,-0.096623,-0.063232,-0.077156,-0.496084,0.149782,-0.125119,0.120364
-2.000301,-2.158136,1.801458,0.482387,0.563103,-0.067896,0.028957,-0.045125,-0.328805,0.177045,-0.118867,0.029640
-1.348454,-0.961686,1.987984,0.248998,0.173387,0.159643,-0.217524,-0.220111,-0.251473,0.499524,-0.134003,0.046991
-2.405938,-2.343210,1.950359,-0.521747,-0.186144,-0.152923,-0.142272,-0.304529,-0.385615,0.078892,-0.197423,0.012995
-2.509078,-2.486621,1.402881,-0.505573,0.229180,0.180159,0.257610,0.281034,0.080518,-0.048928,-0.227951,0.276482
-1.441073,-1.454865,1.369263,-0.007035,0.106606,0.178259,0.162542,0.132778,-0.304918,-0.119099,-0.039671,0.215421
-1.714631,-1.579738,1.244641,0.311384,0.155629,0.046410,-0.582362,0.393058,-0.125354,0.358563,-0.051889,0.271641