1.488132,-0.574742,1.189822,0.629912,-0.109761,-0.210002,-0.192350,0.386779,-0.209177,0.375183,-0.131486,0.264382
1.658634,-1.159388,0.970927,0.277444,-0.267012,-0.427347,-0.500493,0.086640,-0.297561,0.168311,-0.236426,0.196698
1.904737,-1.200423,0.508636,-0.505396,-0.138844,-0.590490,-0.749835,0.008940,-0.367278,0.280308,-0.239137,-0.253259
1.383760,-1.899114,0.389847,-0.044001,-0.173037,0.004747,-0.115240,0.130316,-0.078119,0.126032,-0.098377,0.111317
1.478998,-2.720011,-0.374514,-0.541216,0.021814,0.205511,0.047968,0.185140,-0.294741,0.123485,-0.447651,0.242904
2.178396,-1.255646,0.873978,-0.099756,-0.050970,-0.126265,0.113533,0.431057,-0.356543,0.172404,-0.120981,0.026477
1.335888,-1.824725,0.853214,0.036812,0.036458,-0.132203,-0.492430,0.202101,-0.404250,-0.380236,-0.010761,0.151515
2.727600,-2.622322,1.225779,-0.058023,-0.048977,-0.322342,-0.050560,0.207268,-0.268444,-0.347076,0.203961,-0.106936
2.575831,-1.986588,0.924535,-0.633478,-0.121008,0.027829,-0.027330,0.047460,0.025209,0.241974,0.011919,-0.442124
2.177433,-1.139605,0.733668,-0.099343,0.464709,0.271455,-0.098483,0.264898,-0.430394,0.029891,-0.098090,0.155412
1.385504,-1.285990,0.965513,-0.270990,-0.295454,0.232632,-0.157656,0.415854,-0.173141,0.119016,-0.473205,0.102427
1.401648,-1.942089,0.408924,-0.347602,-0.202501,-0.320034,-0.358189,-0.089010,-0.553420,-0.320800,-0.282572,0.312614
1.207293,-1.906949,0.600297,0.086101,0.172014,-0.091705,-0.059585,0.140366,-0.392764,-0.021123,-0.221327,0.025243
1.321482,-1.202095,1.358019,0.187604,-0.040430,-0.193014,-0.126577,0.494813,-0.602757,0.216706,-0.107487,0.208790
1.620906,-1.096918,1.251498,0.079663,0.073693,-0.465679,-0.219321,0.303434,-0.623214,-0.004439,-0.308784,0.156029
1.400893,-1.539657,0.812615,0.019848,0.435497,0.257834,-0.082277,0.220181,-0.388065,-0.138268,-0.298473,0.018462
8.155489,1.215505,1.162427,1.147549,-0.956881,-0.301369,0.168240,0.172586,-0.352568,0.030248,0.120133,-0.199586
9.000170,0.713036,1.077447,0.648968,-1.020285,-0.315768,0.454207,0.370447,-0.265244,0.046208,0.169998,-0.173075
9.261123,0.255352,1.082829,0.489923,-0.385905,-0.096166,0.025412,0.033556,-0.551094,0.088515,-0.000804,-0.140930
9.186237,0.802763,0.638867,0.637520,-0.905814,-0.203625,0.258421,0.238743,-0.349642,-0.149144,0.060241,-0.202558
8.916335,1.082057,0.830396,0.415296,-0.620091,-0.257922,0.178214,0.310201,-0.498942,-0.342551,0.213622,-0.164714
8.305076,0.921226,0.764954,0.409716,-0.343790,-0.471192,0.095488,0.857404,-0.837015,-0.411244,0.381343,-0.183897
7.111482,0.638856,0.556754,0.157365,0.595833,-0.518382,-0.185379,0.525628,-0.496113,-0.278935,0.359562,-0.027804
5.591516,-0.629403,1.321262,-0.351316,0.059938,-0.038081,0.086193,0.287010,-0.562578,-0.011238,0.274503,0.041427
3.494862,-2.575645,0.681966,-1.283654,0.144436,-0.256178,-0.449623,0.456386,-0.207711,-0.088325,0.213135,0.017407
4.506141,-2.402508,1.385073,-0.354629,0.662540,-0.349733,-0.157512,0.408533,-0.207306,-0.123098,-0.214691,-0.232443
4.211187,-1.439480,0.799324,-0.585065,0.678969,-0.726257,-0.087729,0.596239,-0.380074,-0.184845,0.022136,-0.129118
4.106673,-1.690565,1.182530,-0.272524,1.004864,-0.278091,0.082813,0.438658,-0.259241,-0.089873,0.093686,0.059387
3.607960,-1.390392,1.308159,-0.356541,0.630052,-0.177386,-0.137254,0.332957,-0.142734,-0.146732,-0.000376,-0.027922
2.195417,-2.146206,1.444790,0.220691,0.916355,0.015880,0.044665,0.577911,-0.321232,0.032299,-0.178849,-0.128070
1.908077,-2.453244,0.296347,-0.004141,0.742917,-0.193295,0.135542,0.625316,-0.484273,-0.206688,0.212596,-0.049311
1.357755,-2.209984,0.917922,-0.301667,0.153645,-0.201230,-0.088523,0.514278,-0.038826,0.027633,0.108279,-0.254070
0.645551,-2.337733,0.041448,-0.435003,-0.402354,-0.499358,0.032783,0.414669,-0.395445,-0.172307,-0.155362,0.127704
-0.121733,-1.428104,0.096677,-0.269747,0.223792,-0.073045,0.080530,-0.002507,-0.687115,-0.398688,-0.214682,0.343556
-1.640551,-1.057407,0.270153,-0.268197,-0.116240,-0.035176,0.012195,0.038769,-0.593904,0.303005,-0.058850,0.304936
-2.352453,-1.292827,0.193754,0.101281,0.187587,-0.081427,-0.634600,0.154488,-0.505473,0.127793,-0.011804,0.245730
-2.046608,-0.670124,0.721750,0.001410,0.195205,-0.427703,-0.646945,0.016890,-0.484130,0.162599,-0.062487,0.233473
-1.920068,-0.109943,1.101059,-0.032333,0.317327,-0.511947,-0.651492,-0.012220,-0.324251,0.398334,-0.335028,0.160744
-2.236505,-0.637700,0.763078,0.054758,0.794743,-0.151567,-0.551019,0.268703,-0.142857,0.208295,-0.471359,0.150115
-2.210785,-0.691749,0.551979,0.364885,0.689465,0.085552,-0.406984,0.215710,-0.311725,0.516531,-0.393157,0.280044
-2.702168,-0.812967,0.593430,0.174787,0.656665,0.185907,-0.481159,-0.030749,-0.354734,0.408940,-0.196355,0.344340
-2.340649,-0.770227,0.661584,0.088569,0.679875,0.226459,-0.362426,0.356570,-0.061932,0.399907,-0.214275,0.316720
-2.577124,-0.940777,1.075771,-0.259764,0.307547,0.059384,-0.290546,0.273649,-0.113069,0.296775,-0.092001,0.101754
-2.517940,-0.604333,1.309074,0.641338,0.435627,-0.333018,-0.222723,0.299116,-0.309412,0.127788,-0.383321,0.045374
-2.379315,-0.882103,1.498602,0.516072,0.061822,-0.358375,0.005459,0.500784,-0.104669,0.342173,-0.220682,0.222683
-3.463827,-1.877202,1.553863,0.696872,0.358647,0.167017,0.287378,0.637255,-0.489661,-0.106206,-0.319275,-0.004880
-3.264937,-1.250986,1.676304,0.135144,0.283565,0.480128,0.011792,0.534108,-0.275483,0.212904,0.036696,-0.020452
-1.991032,-0.818893,1.768670,-0.008961,-0.121330,-0.073769,0.204119,0.442870,-0.125874,0.284070,-0.420320,-0.104681
-2.152249,-1.422004,1.091013,0.169992,0.392135,0.152346,-0.180390,0.515905,-0.190487,0.429983,-0.124423,0.045248
-2.368902,-2.418450,1.139046,0.179639,0.254608,-0.416801,-0.865781,-0.244134,-0.595174,-0.008757,-0.422411,0.119540