0.521937,-0.304632,1.383412,0.165096,-0.075210,-0.000718,-0.470232,0.081791,-0.120404,0.426998,-0.412038,0.408951
0.164931,-1.270077,0.389080,-0.563302,-0.641642,-0.479822,-0.711874,-0.135012,-0.555087,0.138269,-0.559394,0.313362
0.640235,-1.210018,0.600004,-0.632410,-0.161056,-0.198543,-0.601892,0.147403,-0.787678,-0.194556,-0.135842,0.233042
1.032752,-0.484127,1.466738,0.033985,-0.121549,0.426619,0.145494,0.117752,-0.504343,-0.092489,-0.165417,0.120944
0.688058,-1.148631,1.192115,0.134246,-0.044361,0.163530,-0.197437,0.053572,-0.587943,0.210879,-0.362636,0.189698
0.639904,-1.106354,0.554357,-0.546975,-0.252416,-0.140803,-0.218064,0.534933,-0.193605,0.502315,-0.235230,0.320870
1.045495,-1.416139,1.014207,0.177936,-0.293671,-0.161699,-0.176318,0.386787,-0.574200,-0.013348,-0.027391,0.157044
0.885349,-0.959715,1.660040,0.263321,-0.263644,-0.029808,-0.013731,0.212473,-0.393734,-0.130272,-0.550371,0.031978
0.862533,-0.980658,0.974706,0.165773,-0.175975,-0.399603,-0.085601,0.092429,-0.255039,0.275257,-0.192287,0.126827
1.127050,-1.388717,0.665419,0.098286,0.027545,0.416283,0.084962,-0.022927,-0.620164,0.036758,-0.337682,0.151822
1.279002,-0.318396,1.046742,-0.090313,-0.067901,0.604187,-0.025886,0.057073,-0.583353,0.147941,-0.289671,0.071369
1.747635,-0.384096,0.704352,0.063533,0.329125,0.180202,-0.081302,0.329247,-0.202197,0.266107,-0.251379,0.179242
0.612893,-0.559241,1.385679,0.141267,0.484792,0.053407,-0.179690,0.365589,-0.368654,-0.086195,-0.035511,0.083194
1.048910,-1.246449,0.991705,0.353414,0.192836,0.138318,-0.324642,-0.057329,-0.352665,0.253730,-0.390385,0.005837
1.624207,-1.094031,0.743364,-0.572079,-0.198574,0.078465,-0.203168,0.109805,-0.166399,0.066064,-0.289605,0.049388
6.534895,1.773752,1.153533,0.470065,-0.251312,-0.032843,0.164343,-0.092050,-0.290085,-0.194088,-0.053075,-0.275058
8.343448,0.891008,1.008573,1.229087,-0.939969,-0.726220,0.446306,0.085432,-0.317965,-0.149554,-0.110500,-0.390265
7.961542,0.934306,0.616992,0.883044,-0.918083,-0.557451,0.471178,0.369633,-0.485997,-0.219669,0.070809,-0.304930
7.386058,1.724930,0.566904,0.298879,-0.629313,-0.110508,0.257571,0.413078,-0.250868,-0.262642,0.162899,-0.235118
7.834687,1.757405,0.234795,0.054295,-0.258261,-0.205601,0.326771,0.590425,-0.216058,-0.404474,-0.098956,0.066602
7.491614,1.996322,0.361759,-0.256525,0.055404,0.051661,-0.038689,0.574044,-0.173478,-0.350989,0.127003,0.204191
5.413864,1.911621,1.427953,-0.077953,0.456264,0.243918,0.174880,-0.260031,-0.528129,0.158494,0.456897,0.343761
4.657377,-1.059700,0.823236,-1.015895,0.942554,-0.540086,-0.240501,0.360361,-0.303714,-0.260671,0.085919,0.037248
4.532112,-1.175760,0.551162,-0.738731,0.813984,-0.671636,0.102362,0.531055,-0.128649,0.260621,0.052579,0.095976
4.035246,-2.580922,0.294431,-0.882585,0.453408,-0.561230,-0.012763,0.439804,-0.176072,-0.112084,-0.138932,-0.072176
3.141521,-2.819244,-0.119266,-0.695145,0.947319,-0.102394,0.253500,0.158877,-0.020120,0.141246,-0.081297,0.291999
4.036299,-2.183147,0.285697,-0.536569,1.085899,-0.292950,0.513692,0.278000,-0.186291,-0.286245,-0.449900,0.254707
3.861685,-2.426915,0.071185,-0.856109,0.897864,-0.343671,-0.153534,0.133169,-0.352818,-0.285947,-0.046009,0.135478
2.521754,-3.345888,-0.015911,-0.890123,0.437874,-0.391260,0.020678,0.519895,-0.368025,-0.420634,-0.402740,-0.066453
1.722886,-1.782728,0.181990,-0.784064,0.336251,-0.743831,-0.417283,0.352274,-0.330228,-0.168131,0.101521,0.148155
0.364497,-1.030179,0.307331,-0.576164,0.141002,-0.770465,-0.008983,-0.000640,-0.649015,0.016769,0.035753,0.239108
-0.385006,-0.961219,0.626119,0.155722,-0.107419,-0.329043,0.011346,-0.084689,-0.442483,0.026145,0.136178,0.220038
-1.348856,-0.741958,1.058157,0.509702,0.105708,-0.381286,-0.115556,0.123594,-0.427854,0.156285,-0.133189,0.272163
-1.544518,-0.434230,1.166465,0.069132,-0.191056,-0.349669,-0.081045,0.424581,-0.412334,0.045841,-0.316766,0.232505
-1.294328,-0.200115,1.007969,-0.392036,0.083332,-0.018211,-0.223897,0.209265,-0.225877,0.398261,-0.277430,0.292121
-1.498823,-0.559702,0.947047,-0.515804,0.252049,-0.353604,-0.253347,-0.276039,-0.380646,0.448321,-0.396381,0.199466
-1.862457,-0.651170,1.602676,-0.228455,0.445397,-0.143613,-0.053686,-0.033259,-0.131174,0.347040,-0.254508,0.223282
-1.497640,-0.641555,1.213513,-0.254250,0.283405,-0.014861,-0.046138,0.195246,-0.303301,0.224826,-0.340219,0.227638
-1.025707,-0.785069,1.783981,0.175109,0.533225,0.184294,-0.252703,0.179050,-0.521106,0.185828,0.038907,0.124989
-1.213111,-1.371150,1.832682,0.674861,0.367570,-0.227916,-0.348609,0.328604,-0.607555,0.154929,-0.322343,0.170408
-0.953433,-1.123160,1.521091,-0.388508,0.027254,-0.102526,-0.175679,0.406906,-0.457860,-0.014969,-0.714904,-0.102768
-1.276566,-1.305887,1.294469,-0.479619,-0.379192,-0.187816,-0.482347,0.038740,-0.476645,0.080747,-0.507840,-0.281270
-1.557170,-0.935760,1.314350,0.187120,-0.329185,-0.249721,0.210054,0.172547,-0.570776,0.339535,-0.352771,0.047841
-0.848520,-0.885835,0.883066,-0.499393,-0.369551,-0.201508,-0.266232,0.367462,-0.352496,0.279138,-0.136423,0.155237
-0.456551,-0.815676,0.905687,-0.627964,-0.261245,-0.336019,-0.321029,0.445306,-0.211944,0.230114,-0.244954,0.014142
-0.764692,-1.298732,1.002838,-0.024754,-0.075295,-0.496958,-0.425064,-0.079937,-0.488821,0.237399,-0.198633,0.084002
-0.606325,-1.658000,1.115861,-0.152514,0.200452,0.145344,0.230741,0.345752,-0.665264,0.226215,0.027143,0.090982
-0.354758,-1.583598,0.868181,-0.047347,0.293986,-0.337811,-0.362960,0.615507,-0.547933,0.180747,-0.127095,0.118035
0.620024,-1.126002,1.268373,-0.029257,0.081123,-0.252591,-0.181315,0.255945,-0.091406,0.514157,-0.210829,0.144090
-0.330646,-1.713490,0.946770,0.318044,0.110284,-0.086064,-0.471460,-0.004825,-0.402414,0.707332,0.233890,0.159823