0.096278,0.303424,1.134217,-0.546328,-0.335734,-0.109134,0.527556,1.146064,0.119294,0.745929,-0.576457,-0.238477
0.756874,0.537421,0.836040,-0.612997,-0.225822,0.152026,0.475976,0.811087,-0.092464,0.773874,-0.601054,-0.043761
0.155560,0.674556,1.531371,-0.917769,-0.614165,-0.189138,0.084482,0.934748,-0.122427,0.239217,-0.509080,-0.148247
-0.043550,-0.101346,1.433810,-0.576097,0.151782,-0.095026,0.033470,0.832190,0.070766,0.120186,-0.356241,-0.028707
-0.134197,-0.909529,0.924967,-0.737558,-0.411301,-0.085420,0.402094,0.368577,-0.278833,0.015843,-0.252656,0.059993
0.475828,-0.603870,0.627753,0.035964,-0.269225,0.020887,0.369756,0.467297,-0.396057,-0.252861,-0.626295,-0.006714
0.446479,-0.842483,0.650101,-0.382606,-0.421401,-0.090428,0.037785,0.718982,-0.517570,0.089965,-0.429763,-0.419593
0.948376,-0.435441,1.127188,-0.053466,-0.496096,-0.136501,-0.111597,0.745961,-0.415795,0.075581,-0.157936,0.262310
1.589109,-0.686815,1.004533,0.111384,0.510833,-0.199290,-0.373215,0.172333,-0.390195,0.101611,-0.374718,0.100313
1.825629,-0.735951,0.878248,0.356752,0.425655,0.062096,-0.210761,0.308794,-0.167134,0.455283,0.234791,0.080712
0.990045,-0.805252,1.081627,0.066178,-0.337766,-0.146374,-0.028587,0.407071,-0.464347,0.056115,-0.388851,0.179203
0.414878,-1.047706,0.881064,-0.350053,-0.278918,-0.001430,-0.267317,0.584939,-0.562711,-0.085102,-0.203292,0.072544
0.671392,-0.441483,1.704417,0.368938,0.307655,-0.137922,0.189069,0.642227,-0.450178,0.041718,-0.271132,0.062699
0.097100,-0.959205,1.240396,0.502159,0.739870,-0.241084,-0.349798,0.319684,-0.364781,0.276225,-0.518034,0.128458
0.637685,-0.774441,1.412767,0.441828,0.276951,0.195286,-0.295703,0.225233,-0.550238,0.130710,-0.197331,0.073955
0.425794,-1.699493,1.017624,0.210194,0.390272,0.019686,-0.424609,0.051508,-0.558414,0.065892,0.015238,0.035979
8.055477,1.146509,0.026436,0.626318,-1.051157,-0.177605,0.432929,0.196456,-0.220749,-0.197347,-0.020288,-0.066416
9.597485,0.257215,0.156455,0.126781,-0.138200,-0.107179,0.366306,-0.029335,-0.023870,-0.153293,-0.121488,-0.314702
8.583476,0.829466,0.589767,0.988507,-1.256401,-0.406477,0.634230,0.565188,-0.138591,-0.019858,0.002872,-0.277908
8.826976,1.104853,0.100186,0.599746,-0.881738,-0.548710,0.575553,0.553740,-0.113285,-0.206777,0.084512,-0.387647
8.626988,1.411198,-0.125869,0.682622,-0.743600,-0.334322,0.416986,0.580981,-0.305493,-0.190361,0.223966,-0.255434
7.601950,1.247008,0.637654,0.472851,-0.659174,-0.406443,0.573141,0.808495,-0.250567,-0.483318,0.084893,0.299480
6.046108,0.236378,1.025815,0.153588,0.620199,-0.033375,0.139831,0.294645,-0.445087,-0.007994,0.149828,-0.011535
5.138377,-1.895962,0.654057,0.157706,0.664264,-0.353490,0.158239,0.532345,-0.572773,0.039426,-0.176860,0.138799
4.103354,-1.684243,0.209800,0.019548,0.537042,0.144893,0.008057,1.044251,-0.547736,-0.027724,-0.091247,0.125812
3.752084,-2.409491,0.515716,0.277556,1.112095,-0.320296,0.423930,0.757953,-0.206398,-0.209068,-0.277316,-0.244923
2.558017,-3.596880,-0.019510,0.285172,1.575289,-0.316419,0.133514,0.352699,-0.610827,-0.127747,-0.049776,0.142199
1.284568,-4.224966,-0.028979,-0.339239,0.391851,-0.816911,0.113396,0.788901,0.068263,0.125057,0.089186,0.181010
2.341505,-2.702253,0.162528,-0.218334,0.112527,-0.439892,-0.348803,0.342433,-0.242301,-0.094883,-0.254767,-0.082055
1.016851,-2.639021,-0.233826,-0.440779,0.454714,-0.765694,0.027270,0.821534,-0.188277,-0.021065,0.188287,-0.230677
0.037428,-2.185183,-0.276412,-0.509083,0.282202,-0.935345,-0.008220,0.250684,-0.405649,-0.015737,-0.171910,0.015031
-0.308440,-1.182488,0.507592,0.161885,0.191648,-0.683972,0.192177,0.359825,-0.213824,0.027623,0.100206,0.085103
-1.742831,-0.687654,0.418600,-0.041547,0.485929,-0.132199,0.083835,0.535895,0.014891,0.456701,-0.196447,-0.004167
-2.237989,-0.766266,0.218715,0.442100,0.494797,-0.201481,-0.132847,0.338404,-0.404579,0.031908,-0.100891,0.306709
-2.760952,-0.575555,0.942769,0.382594,0.293424,-0.000856,0.038359,0.492215,-0.421808,-0.108082,-0.071717,0.325675
-2.881251,-0.450684,0.696860,-0.316783,0.287563,-0.170090,-0.346984,0.144468,-0.388769,0.144176,-0.187543,0.262605
-3.749462,-0.712003,1.282709,0.393084,0.521984,0.341327,0.192316,0.869614,-0.141522,0.450193,0.055222,0.492464
-2.553477,0.403987,1.357808,0.184044,0.265847,0.091665,0.086203,0.601539,-0.449945,0.189503,-0.061255,0.217953
-2.680124,-0.396290,1.331816,0.278419,0.508442,0.177786,0.078494,0.613293,-0.241230,0.311595,-0.107474,0.160911
-2.819541,-0.776633,1.077962,0.273726,0.591209,0.103734,-0.473126,0.543968,-0.175914,0.230000,-0.235939,0.185001
-3.010114,-1.037644,1.312532,0.031320,0.288892,0.552369,-0.006522,0.101707,-0.441191,0.350739,-0.146286,0.298244
-2.488012,-0.296424,1.937459,0.105121,0.371104,0.491971,0.165094,0.435029,-0.477036,0.226062,-0.395314,0.342410
-2.622206,-0.635831,1.616177,0.134582,0.251777,0.550873,0.073345,0.604148,-0.244447,0.426006,-0.143101,0.117849
-2.736003,-0.653754,1.594650,0.395178,0.468055,0.363269,-0.020729,0.334431,-0.608267,0.175350,-0.382794,0.135933
-2.602515,-0.645146,1.695821,0.460020,0.785024,0.818749,-0.123189,0.320719,-0.336756,0.157985,-0.516364,0.121847
-2.453326,-0.313393,1.857211,0.667867,0.677841,0.215552,-0.334962,0.150039,-0.507242,0.499269,-0.202034,0.118332
-3.470353,-2.133460,1.255728,0.408864,0.206932,-0.207947,-0.355018,0.303773,-0.372485,0.489461,0.038748,-0.059219
-2.476972,-1.034043,0.995157,-0.482204,-0.215669,0.227508,0.029332,0.779811,-0.361994,-0.059835,-0.235505,0.351522
-2.665257,-0.750871,1.661319,0.161310,0.966048,0.265797,-0.957486,0.102393,-0.387789,0.406659,-0.154960,0.210960
-2.815341,-1.435422,1.424455,0.218991,0.439286,0.057093,-0.471452,0.256636,-0.455803,0.460738,-0.293779,0.111383