2.339122,0.213600,1.103034,-0.019847,0.343184,0.416125,0.258225,0.115409,0.088557,0.086762,-0.514744,-0.048334
1.841636,-0.388867,0.753686,-0.450851,-0.192731,-0.133153,0.077467,0.077409,0.107781,0.265662,-0.446039,-0.021313
1.734043,-0.888703,1.121829,-0.171742,-0.144436,-0.074581,0.297490,0.192458,-0.404148,0.273007,-0.023340,0.092713
1.714290,-0.748337,0.901701,-0.450263,0.032006,0.179287,-0.342516,0.223772,-0.117097,-0.005123,-0.355420,0.010184
1.170287,-1.016687,1.135784,0.392448,0.035117,0.189764,0.170563,0.305792,-0.058828,0.023391,-0.478640,0.073586
1.588205,-0.492757,0.936578,-0.413192,0.071040,-0.083102,0.136684,0.355057,-0.234859,0.144726,-0.371688,0.244019
1.264286,-0.743525,1.391006,-0.863653,-0.154683,-0.187094,-0.514293,0.233889,-0.119102,0.138063,-0.147675,-0.224675
1.252277,-0.935223,1.379205,0.350745,0.262496,0.160569,-0.353435,-0.224411,-0.452070,0.274994,-0.282411,-0.161431
0.668568,-0.770017,0.989193,-0.236256,-0.151155,0.134542,-0.333973,-0.166236,-0.298288,0.362530,-0.362932,-0.030359
0.922839,-1.153680,0.589388,0.016428,0.215432,-0.115207,0.063165,0.655581,-0.220180,0.232126,-0.570335,0.113305
1.007764,-0.616465,0.984047,-0.459969,0.272467,-0.440660,-0.052392,0.509458,-0.431291,0.234723,-0.355896,0.430932
0.735101,-1.106789,0.957950,-0.349198,-0.197660,-0.169327,-0.175500,0.524523,-0.303223,0.180548,-0.118007,-0.019789
7.989338,1.474589,0.017079,0.536016,-0.637554,-0.075194,0.375479,0.216836,-0.223166,0.028257,-0.069785,-0.094320
7.774719,1.600367,0.846868,0.332518,-0.824567,-0.545380,0.577252,0.153526,-0.150441,0.035409,-0.192369,-0.242497
7.042660,1.912954,1.185687,0.541721,-1.191903,-0.503538,0.742106,0.313054,-0.437538,0.103565,0.087362,-0.194425
6.831735,1.972312,0.796992,0.316965,-0.843010,-0.256667,0.366222,0.588996,-0.407419,-0.213776,0.174842,-0.064091
5.719475,1.953106,0.865206,-0.001854,-0.470830,-0.186998,0.247155,0.689241,-0.416616,-0.048413,0.297317,-0.165198
5.356043,0.581965,1.405943,-0.443756,0.591192,-0.500575,-0.189556,0.715392,-0.168720,0.036272,-0.026921,-0.013748
3.639215,-1.722234,0.507930,-0.588784,0.276831,-0.523130,-0.698939,0.404308,0.173126,0.231475,0.012134,0.164418
3.098301,-1.936460,0.409061,-0.500696,0.118051,-0.380581,-0.189309,0.470158,0.033278,0.335958,0.270853,-0.025920
2.518134,-2.264643,0.470174,-0.299391,0.200887,-0.245615,-0.049755,0.078711,0.078496,0.343284,0.420180,0.025504
0.945347,-2.884946,-0.058755,-0.841749,0.333013,0.179494,0.174447,0.122206,0.046326,0.023152,-0.321230,-0.104513
0.726606,-2.371405,0.063351,-1.198674,0.696026,-0.107175,0.030031,0.248107,-0.162380,-0.551316,-0.012646,-0.179419
-1.031845,-0.958083,0.493678,-0.890242,0.536097,-0.086111,-0.196807,0.125626,-0.195934,-0.089830,-0.326259,0.091640
-3.116047,-1.255844,1.184017,-0.686644,0.154766,-0.613050,-0.721659,-0.208511,-0.611747,-0.033760,-0.330675,0.376248
-3.495641,-0.860771,0.672286,-0.849716,-0.145704,0.146553,-0.363126,0.094755,-0.142573,0.308936,-0.389600,0.452663
-3.882215,-1.227916,1.117339,0.323191,1.016938,0.256640,-0.406453,0.226163,-0.251241,0.558732,-0.305212,0.117974
-4.275515,-1.676724,0.552338,-0.546060,0.650256,0.022101,-0.772169,0.079190,0.312612,1.057009,-0.516498,-0.336748
-4.814872,-2.046432,0.444480,-0.601253,0.301282,0.386445,-0.389409,0.590441,-0.059461,0.689314,-0.032635,0.000662
-3.849977,-1.206270,0.147163,-0.061204,1.011383,0.659840,-0.436053,0.267803,-0.533586,0.340451,-0.513976,-0.160511
-3.719442,-1.019547,0.802254,0.245187,0.681386,0.019287,-0.800228,0.289986,-0.330808,0.570642,-0.513132,-0.145999
-2.951224,-0.921800,0.176009,-0.089163,0.724185,-0.019998,-0.420882,0.062943,-0.135730,0.766804,-0.524315,0.075598
-3.605024,-1.408954,0.476651,-0.104700,0.805299,0.350763,-0.168183,0.300217,-0.366758,0.519528,-0.594593,-0.154954
-3.540832,-1.373833,0.740995,-0.307992,0.430107,-0.028485,-0.444704,0.092067,-0.077510,0.646580,-0.418866,-0.025501
-3.099612,-1.669275,0.070167,-0.598763,0.698534,0.353720,-0.471454,0.223449,-0.029093,0.473794,-0.404735,0.041686
-2.729737,-0.838776,0.535681,-0.116765,0.463104,0.151932,-0.037563,0.271152,-0.414434,0.594474,-0.475288,0.117085
-3.001434,-0.653615,0.864191,-0.654191,-0.113713,-0.273729,-0.180154,0.588280,-0.071699,0.455237,-0.340860,0.205649
-2.435314,-0.866807,1.061007,-0.023608,-0.055717,-0.066443,0.075040,0.273588,-0.514738,0.376845,-0.377167,0.516419
-2.137692,-1.040147,0.531168,0.076898,0.486821,-0.064129,-0.038189,0.697608,0.081738,0.462223,-0.776481,0.006333
-1.254523,-0.598726,0.474868,0.090313,0.344171,0.087226,-0.310269,0.328921,0.055835,0.483011,-0.606966,0.170314
-1.439827,-0.945773,0.195120,-0.016193,0.541443,-0.380073,-0.815757,0.207190,-0.351064,0.158178,-0.443623,0.375971
-1.261224,-0.713849,0.329960,0.182497,0.952660,-0.063796,-0.593399,0.131688,-0.589300,0.114329,-0.677621,0.132722
-1.620675,-1.329968,0.712995,0.303136,0.839425,0.207605,-0.077975,0.353394,-0.313765,0.403354,-0.498600,0.023863
-1.157791,-0.140741,1.273221,0.094469,0.244384,-0.064020,-0.133138,0.433999,-0.515529,0.155533,-0.342253,0.008950
-1.309187,-0.632894,0.591036,-0.207050,0.030875,0.111720,-0.243444,0.168841,-0.448747,0.162897,-0.321777,0.025647
-1.470496,-1.270631,0.361161,-0.043055,0.577331,0.244456,-0.180928,0.435293,-0.208198,0.461276,-0.034042,0.013855
-1.331961,-1.045757,0.523846,-0.248111,0.046578,0.249819,-0.664112,0.447957,0.179133,0.633318,0.057304,0.268382
-0.789088,-0.342990,1.317684,0.129392,0.136618,-0.129181,0.194250,0.624300,-0.457807,0.134568,-0.578412,0.097194
-1.432247,-1.491638,0.722350,-0.080739,0.302597,-0.295048,-0.069711,0.282106,-0.703995,0.321596,-0.483825,0.289214
-0.465039,-0.615725,0.922509,0.079460,-0.032666,-0.408626,-0.358191,0.292590,-0.584052,-0.002756,-0.416492,0.080166