5.023222,1.383728,0.842266,0.443739,0.322275,0.261471,0.108672,0.219213,0.098375,-0.010090,-0.120882,0.094692
0.988338,-0.143901,0.099991,0.189107,0.132217,0.387016,0.729893,-0.003138,-0.206852,-0.092986,-0.476065,0.153054
-0.772301,-1.571355,-0.050326,-0.733759,-0.343488,0.239027,0.002528,0.488768,0.087455,-0.009409,-0.433296,-0.068239
-0.581940,-0.837052,0.584848,-0.364890,-0.277481,-0.153511,0.036743,-0.064452,-0.181230,-0.145522,-0.002086,0.140421
-0.367598,-0.453655,0.420918,-0.339437,-0.412380,-0.593690,-0.030705,0.181522,-0.335033,-0.398923,0.057082,0.530067
-0.782996,-0.266812,0.112719,-0.318838,0.266297,-0.485598,-0.145731,0.051581,-0.267727,-0.083974,0.017981,0.097047
-0.155701,-0.437847,1.109870,0.281196,0.150443,-0.161016,-0.311334,0.225137,-0.123889,0.115018,-0.102871,0.158491
-0.424996,-0.563180,0.803634,0.560513,0.122180,-0.057811,-0.595407,-0.024564,-0.281748,0.142862,-0.177575,0.077580
-0.769511,-0.382575,0.542438,0.032229,0.085749,0.106424,-0.173631,-0.089045,-0.221552,0.155668,-0.140587,-0.019206
0.201862,-0.484382,0.255176,-0.335159,0.178243,-0.237483,0.468143,0.089911,-0.273996,0.257388,-0.134885,-0.194282
-0.500106,-0.942565,0.301570,-0.382117,0.361206,-0.300065,0.175850,-0.064266,-0.217154,0.382765,0.039442,-0.060206
-0.577141,-1.230394,0.478235,-0.220994,-0.058778,-0.282485,0.012546,0.044507,-0.226946,0.118246,-0.235044,-0.011947
-0.392152,-0.629097,0.426166,0.010371,-0.128576,0.038025,0.041450,0.059425,-0.301148,-0.226981,-0.339745,-0.160625
-0.181390,-0.535663,0.897493,-0.081835,-0.102385,0.168531,0.101876,0.318752,-0.382531,-0.057524,0.244302,0.048464
7.312752,0.700408,0.095532,0.543503,-1.142499,-0.222718,0.554084,0.380423,0.211179,0.034837,-0.126131,-0.362698
7.655320,0.584120,0.200582,0.469851,-1.252223,-0.283247,0.623003,0.301878,0.116519,-0.036444,-0.025914,-0.212011
6.384118,1.114643,0.581622,-0.318319,-0.601493,-0.250355,0.476433,0.286159,0.152644,0.063859,0.100142,0.106694
8.333587,0.580547,0.080177,-0.152932,-0.061087,-0.015215,0.299857,0.061099,-0.115518,-0.138181,-0.009385,-0.046192
7.129290,1.211035,0.224638,-0.051744,-0.801908,-0.254882,0.840360,0.103692,-0.113503,-0.220616,0.236464,-0.086666
7.235583,1.290532,0.086873,-0.301960,-0.953068,-0.594346,0.550306,-0.218524,-0.153608,-0.066350,0.195269,-0.110058
7.089523,1.760000,0.146792,-0.000323,-0.890327,-0.291127,0.368725,0.226669,-0.302686,-0.270606,0.080582,-0.138507
7.427616,1.410040,0.112803,-0.127562,-0.430672,0.220900,0.430799,0.484192,-0.272837,-0.276382,-0.238082,0.069135
6.356266,1.610492,-0.245276,-0.839471,-0.431533,0.046615,0.183441,0.465931,-0.292031,-0.262800,0.319352,0.075601
2.636984,1.572501,0.215509,-0.036326,-0.060460,0.360761,0.885855,0.492893,-0.289924,-0.236205,0.252403,-0.081484
1.382350,0.631139,0.357245,-0.708147,0.376995,0.175456,0.150677,0.410438,-0.359325,-0.338665,-0.188785,-0.047710
1.490618,-1.265458,-0.070886,-0.263205,0.822440,-0.458680,-0.551892,0.201297,0.083459,-0.455886,-0.375732,0.138902
0.392529,-1.160485,-0.882457,-0.800533,0.538976,-0.466152,0.116376,0.387915,-0.099865,-0.174760,-0.063815,0.058911
-0.256774,-1.381617,-0.431835,-0.963972,0.358965,-0.740800,-0.049991,0.060083,-0.435674,-0.353098,-0.163574,-0.112339
-0.748733,-1.143870,-0.370909,-0.458410,1.193300,-0.393810,-0.314406,0.172395,0.229027,-0.244848,-0.131027,0.028195
-1.847971,-1.510797,-0.762910,-1.229295,1.027417,-0.701494,-0.681268,0.033018,-0.135327,-0.172895,0.133368,0.174531
-3.394960,-1.332764,-0.272342,-1.091921,0.572608,-0.708917,-0.303606,-0.102008,-0.133203,-0.292053,-0.116445,0.129523
-4.200255,-0.056940,-0.254215,-0.251305,0.573950,-0.443584,-0.082130,0.055452,-0.180196,-0.084267,-0.222848,0.159042
-5.491760,-0.161385,-0.669953,-0.579134,0.438411,-0.155420,-0.186789,0.203558,-0.151490,0.009329,-0.127166,0.357066
-6.445246,-0.357958,-0.131176,-0.039794,0.322853,-0.248214,-0.303768,-0.028042,0.013128,0.242111,-0.194052,-0.248932
-6.298822,0.035537,0.248355,-0.214819,-0.019207,0.207236,0.015090,-0.174265,-0.193939,0.008309,-0.193952,0.034490
-6.040971,0.217354,0.666559,0.056098,0.192321,0.260647,-0.149886,-0.107049,-0.127470,0.348048,-0.004938,-0.107400
-6.204512,-0.424903,0.283297,0.251355,0.575257,0.312714,0.002132,0.187591,-0.325550,0.028857,-0.043200,0.048766
-6.283268,-0.536974,0.363191,0.446490,0.432880,-0.012076,0.127679,0.207517,-0.496673,-0.226783,0.002764,0.145222
-6.935666,-1.047395,0.226879,-0.200714,0.451780,0.166968,-0.005704,0.676037,0.088468,0.230348,0.148213,0.106472
-6.214765,-0.382193,0.230480,0.242809,0.482514,-0.089781,-0.366872,0.601997,-0.016399,0.169201,-0.199547,-0.085117
-5.788165,0.243691,0.815695,0.164447,0.110927,-0.500581,-0.546867,0.033097,-0.431517,0.161065,-0.124100,0.128360
-5.853917,-0.545038,0.283921,0.011581,-0.404002,-0.386269,-0.099338,-0.230169,-0.607742,-0.118086,-0.691841,0.175038
-6.211844,-0.328704,1.105970,0.186813,0.411656,-0.119446,-0.258819,0.277267,0.168206,0.324710,-0.091633,-0.071960
-6.225391,-0.528192,0.966254,0.514916,-0.238458,0.192451,-0.095232,0.139132,0.227801,-0.177528,-0.330814,0.252870
-4.936309,0.307552,0.896483,0.293932,-0.005071,-0.426964,-0.109651,0.384646,-0.042734,-0.164450,-0.191934,-0.145453
-5.016022,-0.378026,0.783948,0.165844,0.259592,-0.034933,0.123858,-0.220172,-0.200453,0.097085,-0.309168,-0.144507
-5.481972,-0.403722,0.173508,0.326895,0.097548,-0.346552,0.204374,0.155748,0.073456,0.054249,-0.102336,-0.119364
-4.728827,-0.784820,0.667854,0.200776,0.123623,-0.043417,-0.302288,0.097952,-0.072421,0.024180,-0.309083,-0.096694
-3.936313,-0.330513,0.697656,0.337876,0.114680,-0.187165,0.214345,-0.003014,0.122542,0.201276,-0.007336,-0.134087
-4.128603,-0.391764,0.764520,-0.016393,-0.101533,0.073446,0.325007,0.317152,0.017232,0.284619,-0.053822,0.026670