-0.622402,0.294185,1.141994,0.654057,-0.153289,-0.236755,-0.056029,0.277310,-0.154836,0.467272,0.276631,0.396512
-0.217802,-0.050659,0.551851,-0.018437,-0.285058,-0.190541,-0.449920,-0.020406,-0.243746,0.152226,0.198389,-0.083220
0.477124,-0.882825,0.414149,0.066296,0.155806,0.011415,-0.073864,-0.046336,-0.196668,0.081852,-0.133330,-0.081821
0.723521,-0.642454,-0.125945,0.118571,-0.089478,-0.280099,-0.280853,-0.354491,-0.344875,0.359629,0.017935,0.218803
1.220694,-0.805244,0.436133,0.085627,-0.211206,-0.441677,0.105896,0.062733,-0.442626,-0.122867,-0.107411,-0.144829
1.359150,-1.369441,0.260934,-0.347799,-0.098230,-0.409893,0.045540,0.018563,-0.371602,0.355092,-0.081262,0.030561
1.466786,-0.621508,0.497918,-0.064153,-0.052610,-0.096668,-0.110315,-0.106627,-0.385702,-0.324407,-0.153062,-0.075447        
0.726615,-0.949491,-0.012929,-0.666324,-0.284342,-0.200986,0.020308,-0.090748,-0.179539,-0.144189,-0.556140,0.228903
1.777067,-0.677028,0.315704,-0.299850,0.110745,-0.518231,0.186607,0.112158,-0.623518,-0.435469,-0.601627,-0.112626
2.576218,-0.452959,0.553736,-0.282063,-0.049246,-0.210185,0.237689,0.006562,-0.201161,0.152036,-0.163416,-0.159218
2.235965,-0.620633,0.227644,0.029014,-0.151754,-0.254800,0.356129,-0.092174,-0.484835,-0.050458,-0.179293,0.005374
1.471803,-0.164085,0.963788,-0.295102,-0.515042,-0.229302,-0.105284,-0.201860,-0.265489,-0.083430,-0.180809,-0.029372
1.386986,-1.022802,0.568733,0.167768,-0.522789,-0.642732,-0.467222,-0.252125,-0.432336,-0.121166,-0.108553,-0.110270
1.287750,-1.191847,0.367656,0.272185,0.415883,-0.461736,-0.333656,-0.309145,-0.305509,-0.089442,-0.105155,-0.125550
1.404870,-1.283115,-0.069031,-0.298093,0.081407,-0.188955,0.429246,0.096876,-0.338674,0.069934,-0.161381,-0.189397
7.023441,-0.225261,0.096929,-1.193186,-1.006318,0.124867,0.209081,0.211568,0.211635,0.315223,0.114641,0.021910
8.903030,1.771673,0.869469,-0.311464,-0.867808,-0.241882,0.085636,0.332839,0.024611,-0.018934,0.031167,0.065331
8.748951,1.999594,0.890785,0.118199,-0.376424,-0.390235,-0.041896,-0.146196,0.014181,0.088728,0.003131,-0.026270
6.429735,2.713983,0.964944,0.224908,-0.315781,-0.229128,-0.238988,-0.139268,-0.450304,0.013294,0.120292,0.035356
7.808272,2.482011,0.156306,-0.357152,-0.252312,0.145648,0.374639,0.124627,-0.611360,0.039168,0.052022,0.192209
6.348491,3.046870,0.715831,-0.424253,-0.005540,-0.019750,0.038625,-0.025893,-0.442512,0.022836,-0.152185,0.036076
5.785654,2.597258,1.423778,0.491579,-0.044832,-0.011092,0.083152,0.025451,-0.228027,-0.059059,0.018573,0.056175
5.715929,2.372436,0.916145,-0.135764,0.076065,0.488533,0.306561,-0.335586,-0.390783,-0.162416,-0.180989,0.114860
1.746798,2.387190,0.670843,-0.408917,0.010785,0.396737,0.009303,0.114922,-0.567297,0.122923,0.027608,0.168887
0.603611,1.998353,0.742430,-0.471413,-0.315233,-0.001091,0.151652,0.383809,-0.264996,0.022328,0.158854,0.145560
-0.552464,0.518827,0.436821,-0.679563,-0.395137,-0.515758,-0.056169,-0.128356,-0.442057,0.055609,-0.062548,0.292486
-1.058325,-0.277396,0.451291,0.128494,-0.235910,-0.345813,0.020906,0.337266,0.037633,0.100527,-0.082808,-0.007407
-2.064869,-0.212471,0.831414,0.611324,-0.031463,-0.454926,-0.369119,0.047515,-0.337049,0.233003,-0.050639,0.081459
-1.462575,-0.668665,0.436480,0.299622,-0.156708,-0.472318,-0.004592,0.307680,-0.139624,0.195940,-0.381100,-0.111524
-1.118976,-1.015795,0.194478,-0.224657,-0.385300,-0.423608,-0.270027,-0.187965,0.133318,0.014953,-0.129780,0.133684
-0.886613,-0.429573,0.764144,-0.015659,0.002887,-0.222991,-0.245818,-0.164282,-0.193230,-0.183930,-0.484191,-0.079630        
-0.201645,-0.590093,0.749563,0.191784,-0.486846,-0.181144,-0.169758,-0.042407,-0.052074,-0.031955,-0.133950,0.036328
-0.845796,-0.677444,0.565511,0.512366,-0.294791,-0.749526,-0.411317,0.161900,-0.189094,-0.045586,-0.014885,0.224245
0.609480,-0.420352,0.309724,0.098776,-0.219873,-0.520001,-0.357650,-0.248018,-0.342878,-0.201232,-0.103548,0.018497
0.235491,-1.358498,0.402575,-0.579983,-0.182950,-0.236951,-0.393175,-0.110971,-0.369610,-0.404259,-0.448304,0.142859
1.101515,-0.258556,0.415238,-0.173079,0.126709,-0.692547,-0.336083,-0.347345,-0.452982,0.073698,-0.210804,0.159692
1.276468,-0.538182,0.467316,-0.107256,0.103701,-0.142211,0.188620,0.044177,-0.071930,-0.266809,-0.086073,-0.219048
1.994913,-0.449132,0.748138,-0.367987,0.135006,-0.342885,-0.335376,0.107008,-0.141184,0.077522,-0.215205,-0.160587
2.294626,-0.526399,0.517144,-0.169220,-0.535147,-0.441619,-0.136531,-0.030581,-0.232517,0.096337,-0.029636,-0.236028
2.012538,-0.781154,0.260411,-0.071872,-0.301172,-0.531413,0.169339,0.056122,-0.390923,-0.092259,-0.023609,0.146314
2.010648,-1.091031,0.405225,0.027477,-0.356438,-0.557512,0.210933,-0.042043,-0.432101,0.173205,-0.157967,0.261216
1.670159,-1.121675,0.604543,0.204872,-0.578915,-0.381795,0.060049,0.164290,-0.205485,-0.073420,0.117770,0.270172
1.696388,-0.669423,1.009715,0.119699,-0.173395,-0.566788,-0.371606,0.243328,0.280045,-0.020832,-0.123104,0.029564
1.902500,-0.529221,0.692397,0.232460,-0.144276,-0.576922,0.056717,0.272446,0.029218,0.039304,-0.049085,-0.074906
1.609001,-0.621701,0.558532,-0.176848,-0.217901,-0.310284,-0.064230,-0.018606,-0.068063,0.241511,-0.042841,0.097051
1.992166,-0.558280,0.783203,0.072991,0.306659,-0.221136,-0.156388,-0.073778,-0.383059,0.191561,-0.068096,0.092358
1.231293,-1.398124,0.119863,-0.407140,-0.339562,-0.064804,0.272201,0.131125,-0.147067,0.257156,0.217004,-0.172000
1.725735,-0.625123,0.340982,0.029979,-0.188046,0.094562,0.163996,0.120239,-0.285701,0.020854,-0.188362,-0.208142
1.677013,-0.711901,0.920856,-0.051972,-0.383546,-0.222707,-0.025129,-0.337489,-0.528087,-0.033196,-0.223530,-0.297614        
1.431728,-0.793948,0.517762,0.154762,-0.030195,0.018207,0.374357,-0.020060,-0.347624,0.042449,-0.200591,-0.091774