-0.809633,0.793008,1.034009,0.647448,0.005638,0.251480,0.118585,-0.383022,-0.127932,0.125197,0.107084,0.040774
-0.707980,-0.181962,-0.206048,-0.223573,-0.024386,0.113283,0.120311,0.018864,-0.083299,-0.161584,0.126318,-0.011867
-0.692685,-0.482645,0.472168,0.179299,0.202301,0.384921,-0.245261,-0.218007,-0.400814,-0.189472,-0.229956,0.015493
0.304857,-0.475065,0.847346,-0.429749,-0.209116,-0.261107,0.184458,0.135953,0.115457,-0.093422,-0.149094,-0.045074
0.089834,-0.468372,0.357461,-0.345240,-0.102346,-0.366948,-0.169585,0.129752,-0.135766,-0.009612,-0.321418,-0.173793
0.526343,-0.398742,0.266532,0.515960,0.232205,0.090586,0.266198,0.005664,-0.485061,-0.026901,0.105412,-0.093704
6.427703,2.507692,1.336408,0.746250,0.009238,-0.118601,-0.235978,-0.305951,-0.301317,-0.085341,-0.124849,0.044059
4.807462,3.096585,1.792565,0.971091,0.236228,-0.072258,-0.127336,-0.098768,-0.179016,0.059544,-0.065326,0.031465
8.165059,1.842317,0.700964,-0.063059,-0.185334,-0.220305,-0.301436,-0.031203,0.009872,0.062752,-0.040068,0.001434
5.579697,2.702196,1.106376,0.753252,-0.433673,-0.128092,-0.052497,0.192268,-0.150537,0.071085,0.097402,0.076180
5.695825,2.761610,1.395570,0.641964,0.095173,-0.117968,-0.192776,-0.085006,-0.166393,-0.225657,-0.179906,-0.052695
4.561611,2.289924,1.155823,0.271444,0.137418,0.085300,0.126088,-0.107927,-0.326325,0.030150,-0.341294,-0.030611
1.826947,3.033678,1.038235,0.198445,-0.174399,0.363824,0.059906,-0.198138,-0.461244,-0.068852,-0.194325,0.053027
-1.283241,1.463960,1.244251,0.585031,0.197019,-0.136082,-0.375715,0.127211,0.224909,0.090108,-0.223121,0.109424
-0.949044,1.434566,0.824110,-0.067800,-0.467014,-0.108519,0.019100,0.033253,-0.042193,-0.127144,-0.026604,0.001284
-3.152602,0.413569,0.177815,0.033489,-0.401771,-0.406300,-0.239667,-0.307388,-0.391577,-0.039741,-0.093746,0.038308
-2.852084,-0.227277,0.854710,0.130400,0.082342,0.135524,0.153098,0.230913,-0.228599,-0.225495,-0.085333,-0.102904
-3.193960,0.065294,1.047619,-0.226300,-0.111979,-0.335114,0.192093,0.127817,-0.140427,0.133339,-0.102670,-0.086205
-1.884421,-0.569011,0.502389,0.644440,0.312406,-0.126427,0.019423,-0.066332,-0.224910,0.038034,0.012310,0.040194
-1.190300,-0.098942,0.435557,-0.087704,-0.017991,-0.251125,-0.621592,-0.225910,-0.122483,0.059744,0.052735,0.227344
-1.396241,-0.333762,0.854883,0.181022,-0.201453,-0.638250,-0.242044,-0.456520,-0.526703,0.157413,0.036479,0.209163
-0.771388,-0.199133,0.675097,0.027319,0.212889,0.268744,-0.156360,-0.122529,-0.272548,-0.099798,-0.125398,-0.088556
0.004056,-0.628439,0.810475,-0.043748,0.187672,-0.201606,-0.169164,-0.082880,-0.470838,-0.073743,0.032279,0.293149
0.406309,-0.036656,-0.005208,0.445615,-0.532110,-0.397504,0.190160,-0.045548,-0.072027,0.085270,-0.077648,0.149563
0.035861,-0.568096,0.157550,0.300177,0.137223,-0.398564,-0.102228,-0.377207,-0.421086,0.009838,0.088277,0.037130
0.540273,-0.116814,0.549010,0.607449,0.162529,-0.088361,-0.237942,-0.185552,-0.338349,0.300025,-0.027635,0.050759
0.539198,-0.589780,0.221266,-0.100653,-0.104773,-0.441189,-0.110268,-0.214716,-0.232672,0.008540,0.122090,0.045110
1.079399,-0.773599,0.011993,-0.024821,-0.067210,-0.245094,-0.081915,0.034833,-0.022262,0.367416,-0.108736,-0.029450
1.009395,-0.096716,0.705868,0.294740,0.072279,-0.201357,0.131072,0.100401,-0.239030,-0.081432,-0.243158,-0.308219
0.786584,0.154554,0.095833,-0.496503,-0.230608,-0.115583,0.443735,0.174570,-0.446572,0.047086,-0.065802,-0.069568
0.629526,0.320939,0.766929,-0.447737,-0.036208,-0.047071,-0.118081,-0.150715,-0.077447,0.424192,0.156899,0.233857
0.173803,-0.339588,0.353569,-0.290428,0.063167,-0.202182,-0.630709,-0.100549,0.105153,0.026296,0.034445,0.171830
0.452747,-0.382318,0.289543,0.303768,-0.060051,-0.220731,-0.332374,0.344637,-0.084948,0.266903,-0.102557,-0.222828
0.753333,-0.334672,0.539070,0.486756,0.228130,0.030580,0.059045,-0.005637,-0.062385,0.146930,-0.079397,-0.085395
0.713077,-0.208174,-0.067269,0.009595,-0.054369,-0.803774,-0.168389,-0.416577,-0.530475,0.078871,-0.161944,0.120600
0.746322,-0.088587,0.183070,0.249610,0.178368,-0.455261,0.152350,0.142898,-0.317595,0.213351,-0.278283,0.292529
-0.246620,-0.845504,0.149557,0.936929,0.756341,0.074013,0.067463,-0.210161,-0.242268,0.258756,-0.184264,-0.041145
0.825004,-0.007501,0.226948,0.421514,-0.318244,-0.581438,0.066101,0.054628,-0.262675,-0.007523,-0.210510,-0.113454
1.069073,-0.383882,0.555561,0.159273,0.040697,-0.495515,-0.211130,-0.099831,-0.138430,-0.044352,-0.108472,0.388601
1.265712,-0.412392,0.523858,0.535627,0.150532,-0.308761,-0.235437,-0.246725,-0.117120,-0.063958,-0.117867,-0.147895
0.737140,-0.347656,0.244745,0.240191,0.036472,-0.064200,-0.135910,0.005551,-0.603371,-0.162046,0.126530,0.090975
0.865810,-0.220989,-0.183703,-0.001948,0.036127,-0.220033,-0.127988,-0.098173,-0.470824,-0.301326,-0.103972,0.082370
1.353043,-0.091600,0.293297,0.193408,-0.106761,0.141861,0.011214,0.214667,-0.508908,-0.201660,-0.074465,0.176888
0.633472,-0.462270,0.309867,0.434653,0.074122,-0.102070,-0.196870,-0.297246,-0.615548,0.051736,-0.157901,0.131236
1.182934,-0.346132,0.806590,-0.248578,-0.211706,0.107068,0.299997,-0.396898,-0.348025,0.097031,-0.370542,-0.219354
1.319093,-0.242212,0.795374,0.059274,-0.487522,-0.423574,-0.195390,-0.089050,-0.311244,-0.291020,-0.434089,-0.135293
1.096367,-0.094076,0.651799,0.281289,-0.288120,-0.431600,-0.259438,0.261063,0.101389,-0.132036,0.148805,0.062732
0.730590,-0.557782,0.304872,0.409289,-0.084689,-0.448688,-0.081249,-0.351815,-0.254264,0.007901,0.052414,0.225420
0.737869,0.229212,0.953758,0.444386,0.005384,-0.536529,-0.291321,-0.274731,-0.330808,-0.191398,-0.092464,0.253208
1.079284,-0.004193,0.326701,0.016463,-0.193589,-0.568410,-0.062522,0.102328,-0.356157,-0.041246,-0.264727,0.102143