-0.348063,0.447948,0.509604,0.263670,0.358160,0.029825,-0.099003,-0.237848,-0.188749,0.286319,0.123428,-0.006655
-0.815819,-0.224391,0.363987,0.490738,0.412045,0.066478,0.110734,0.036506,-0.076065,0.383929,0.073414,-0.066761
-0.867918,-0.169879,0.352362,0.571872,0.555025,-0.003420,0.384989,0.255179,-0.438504,-0.104784,-0.332014,0.039858
-0.944011,-0.209479,0.245917,0.125497,0.289707,0.416266,0.026967,-0.179463,-0.329588,-0.101301,-0.019619,0.089492
0.077746,-0.768089,0.118976,0.456276,-0.193012,-0.143151,0.245110,0.019378,-0.320968,-0.140063,-0.258588,0.073001
1.031950,0.293944,0.592439,0.231955,-0.143967,-0.283760,-0.085996,0.120357,-0.189820,-0.161086,-0.014131,0.016210
0.809538,-0.565278,0.375017,-0.008925,-0.172051,-0.292622,-0.262677,0.250696,-0.395258,-0.409645,-0.424674,0.008831
0.040325,-0.939846,0.056916,0.096458,-0.100029,-0.559735,-0.649597,-0.181368,-0.295508,-0.234597,-0.458128,-0.019425
1.000111,-0.464240,0.433797,0.077797,-0.592546,-0.089474,-0.042929,-0.081704,-0.503841,0.382815,-0.205201,-0.062430
1.203040,-0.075163,0.263733,-0.174450,0.082415,-0.233903,-0.008835,0.219271,-0.033473,0.112867,-0.215831,0.089815
0.881325,-0.240713,0.473017,0.296385,-0.013962,0.265707,-0.306526,0.036396,-0.241412,-0.172899,-0.045382,-0.014754
0.616026,-0.884610,0.556991,0.140748,0.216899,-0.235569,0.013223,0.187283,-0.280314,0.149202,-0.342302,0.072698
0.563302,-0.670991,0.990730,0.374854,0.042691,-0.204234,-0.216828,-0.492066,-0.585903,0.061157,-0.093744,0.159882
0.420100,-0.488902,0.354732,0.083726,-0.823309,-0.390416,-0.605995,-0.147319,-0.380882,0.113745,-0.080914,0.220461
1.161674,-0.059708,0.875668,0.138670,-0.424857,-0.211816,-0.192476,0.224648,-0.167527,0.059585,-0.209048,-0.304080
0.795238,-0.373029,-0.161340,0.029260,-0.419064,-0.433685,-0.138064,0.047913,-0.067431,0.084499,-0.013915,0.265320
1.168124,-0.026066,0.718145,-0.092149,-0.292824,-0.355075,-0.220700,0.004996,-0.298664,0.100802,-0.047520,0.151009
0.644329,-0.744761,0.156890,-0.187821,-0.399941,-0.400361,0.010689,0.005901,-0.241902,-0.137890,-0.026035,-0.086099
0.480060,-0.662725,0.332200,0.012876,-0.241033,-0.053357,-0.126118,-0.155473,-0.365600,0.021435,0.040524,-0.106759
0.892641,-0.832477,0.609895,0.228426,0.857396,0.013948,0.112442,-0.102538,-0.648058,-0.201868,-0.164674,0.273747
2.678371,1.054691,1.006333,0.165395,0.005292,-0.081963,-0.004474,-0.030036,-0.057810,-0.033161,-0.236403,0.060653
5.832322,3.699196,1.131295,-0.043849,-0.993756,-0.721651,-0.316207,-0.071677,-0.371056,0.075046,-0.126646,0.032891
6.250085,3.315082,0.866394,-0.164945,-0.783091,-0.692122,-0.059441,-0.264614,-0.227931,0.011386,-0.066286,0.036336
6.618718,3.072051,0.383682,-0.734523,0.186500,0.398079,0.384786,0.164642,-0.305721,-0.021775,0.047353,0.086318
7.447385,1.625313,0.382447,-0.096796,0.452780,0.587347,0.311834,-0.181144,-0.352158,-0.306456,-0.078776,0.042221
3.445613,2.606037,1.324564,0.435398,-0.229921,-0.190280,0.033987,0.265101,-0.678398,0.145418,-0.179886,0.174825
0.513601,1.814946,1.051007,0.080174,0.273504,-0.003680,0.087880,-0.324689,-0.594150,-0.240627,-0.079588,0.114331
-1.464826,1.150923,0.728625,-0.046347,-0.542015,-0.199615,0.025983,-0.330645,-0.703118,-0.090192,0.009632,0.344887
-1.579636,1.076701,0.667548,0.472092,-0.102727,-0.253836,-0.036675,-0.373451,-0.603923,0.044499,-0.116126,0.043980
-2.044311,0.629495,0.844963,0.151198,-0.425763,-0.132352,-0.072017,0.202441,-0.395025,0.172105,0.083705,0.161255
-2.381328,0.044971,0.510572,-0.125939,-0.298157,0.045385,-0.482888,-0.179661,-0.436674,-0.009680,-0.207595,0.209967
-2.280915,-0.187758,0.742794,-0.231799,-0.412472,-0.258285,-0.096827,0.074407,-0.338691,0.257299,-0.041079,0.074800
-2.727509,0.161301,0.857335,-0.070524,0.157622,-0.046685,0.068927,0.269998,-0.545583,-0.198928,-0.352580,-0.104897
-1.535361,0.388728,1.301329,0.548458,0.174222,-0.248394,-0.250042,-0.280555,-0.309009,0.147041,-0.154389,0.112564
-1.855941,-0.402428,0.818463,0.232415,-0.385593,-0.616519,-0.358544,-0.540329,-0.272237,0.093586,-0.198821,-0.002890
-1.167390,-0.151067,1.038626,0.248380,-0.221484,-0.654213,-0.041010,0.174623,-0.316885,0.215486,0.005993,0.180844
-1.195508,-0.467537,0.520497,-0.056081,-0.143425,-0.149903,0.198271,-0.142936,-0.170825,0.147416,0.055703,0.137484
-0.825489,-0.346720,0.647672,-0.353439,-0.314106,-0.243682,-0.019323,0.013350,-0.395501,-0.091194,-0.116523,0.032675
-0.101293,-0.212442,0.768282,-0.142942,-0.354513,-0.113289,-0.028082,-0.081562,-0.326736,-0.048456,-0.247755,0.084373        
0.488718,-0.429335,0.884218,0.469703,-0.479413,-0.067581,0.173730,-0.169283,-0.354205,0.025180,0.000072,0.170441
0.701266,-0.792407,0.131628,-0.264458,-0.334631,-0.466789,0.221904,0.151089,-0.327695,-0.006096,-0.176411,-0.194617
1.182087,0.096405,0.843328,0.426948,-0.046195,-0.027828,-0.337420,-0.163745,-0.208966,0.036885,0.152634,0.018508
0.526983,0.102822,0.537278,0.725855,-0.166438,-0.029399,-0.407309,-0.025156,-0.199092,-0.025330,-0.202278,-0.090274
1.089115,0.015045,0.886285,0.109956,-0.055352,-0.106316,-0.664820,0.252585,-0.161573,-0.086035,0.034430,0.188598
0.109235,-0.799013,0.544885,0.604616,0.080384,-0.321137,-0.106741,0.175678,-0.184236,0.117344,-0.069735,-0.202919
1.171672,-0.582569,0.056170,0.031268,-0.076251,-0.323281,-0.513169,-0.092008,-0.185520,0.008414,-0.131051,0.131846
0.161017,-0.125728,0.665131,0.232525,-0.009716,0.395052,0.355262,0.467713,-0.113656,-0.163814,-0.180515,0.005920
0.855943,0.201503,0.899475,0.345577,0.085147,0.176811,0.066558,-0.167408,-0.174515,-0.004418,0.050563,0.068249
1.340956,0.215667,0.276734,0.052853,-0.123911,-0.292752,0.188624,-0.029936,-0.208974,0.090255,-0.064423,0.304087
0.617925,-0.208531,0.125756,-0.018981,-0.481095,-0.315962,0.117428,0.211148,-0.312622,0.180227,-0.152651,0.033139