-0.596048,0.234046,0.831088,0.531134,0.514825,0.032856,0.215285,0.097997,-0.166446,0.005342,-0.111184,-0.113940
-0.989850,-0.078993,0.751776,-0.001762,-0.011548,-0.106128,0.209971,0.255708,-0.376028,-0.108872,0.086350,0.031024
-0.481486,0.039289,0.894318,0.057777,-0.552927,-0.010337,-0.033905,-0.212076,-0.387886,0.041110,0.191101,0.197907
0.186151,-0.369752,0.181590,0.239790,-0.052071,-0.280827,-0.547635,0.189184,-0.152887,0.110580,0.122200,-0.025471
0.155897,-0.085366,0.493461,0.022596,-0.157372,-0.360959,-0.105536,-0.030068,-0.155038,0.130002,-0.286056,0.079406
-0.211852,-1.264899,0.219632,-0.271886,-0.074154,-0.102153,-0.230479,-0.413505,-0.728216,-0.234161,-0.292077,0.262018        
0.899578,0.206140,0.784368,0.266603,0.017912,-0.234603,0.025478,-0.161879,-0.044178,0.116419,-0.216906,0.043005
0.900413,-1.202954,0.457589,0.089072,-0.092702,0.097520,-0.205001,0.379943,0.072114,-0.216968,-0.327390,-0.004907
1.691847,-0.004366,1.248799,0.461046,0.049722,0.110694,0.483796,0.348501,-0.166079,-0.005201,-0.139554,0.182631
5.905209,2.915001,1.512474,0.465203,0.673050,-0.226950,-0.094153,-0.223412,-0.164347,0.054384,-0.002663,0.020650
6.771270,2.671341,1.448429,0.583194,0.289972,0.216905,0.072339,-0.078812,-0.188179,-0.242383,-0.083806,-0.090038
5.248538,2.748427,1.515187,0.722486,0.371780,0.013655,-0.078071,-0.074607,0.039012,-0.072120,-0.016148,0.002328
3.868794,2.776438,1.780758,0.786303,0.533316,0.439249,-0.296979,0.047547,0.015173,-0.075441,-0.113030,0.026501
2.583716,3.696551,1.226768,0.274736,0.271910,0.356721,0.394272,0.371261,-0.049363,0.056147,-0.160831,-0.010379
3.104738,2.243856,1.396133,0.319544,-0.103958,-0.273480,0.099624,0.251616,0.005996,-0.446214,-0.108512,0.076253
-2.199227,1.676229,1.338907,0.224269,0.010000,-0.602524,-0.362359,0.104886,-0.438777,-0.036586,-0.040807,-0.027575
-3.048124,0.609958,1.012768,0.575325,0.019175,-0.402201,-0.278314,-0.249165,-0.482332,-0.010091,-0.187671,0.181857
-3.612769,-0.008033,0.818508,0.244298,-0.214593,0.021948,-0.384031,-0.209377,-0.230651,0.019906,-0.124689,0.329646
-3.725537,0.014282,0.586784,0.190490,0.560194,-0.150910,0.020346,-0.032768,-0.190568,-0.144903,-0.095299,0.064417
-3.509585,0.605496,1.145107,0.043925,0.265063,0.072526,0.030317,0.240143,-0.197532,-0.015016,0.167883,-0.032144
-3.263634,-0.281123,0.856950,-0.214063,-0.247497,-0.428013,0.051748,-0.037635,-0.362323,0.165943,-0.045770,0.041813
-2.256052,-0.508296,0.119766,1.125877,0.545045,-0.271990,-0.342431,-0.321479,-0.300843,-0.151004,0.227726,0.173603
-1.958726,-0.332838,0.248847,0.331224,-0.182918,-0.411993,-0.257562,-0.240597,-0.195819,0.106868,-0.120752,-0.283165
-1.646353,-0.761302,0.347957,-0.099376,-0.074545,-0.055768,-0.205506,0.330556,-0.109291,0.072425,-0.201017,0.138478
-1.622335,-0.253985,0.402415,-0.107897,-0.016086,-0.159757,-0.411547,-0.104953,-0.364118,0.139388,-0.227427,0.034960
-1.262192,-0.832243,0.412426,-0.079315,0.081387,-0.077853,0.154608,0.334205,-0.273737,-0.050010,-0.013566,0.199939
-0.523090,-0.728561,0.474082,0.118166,0.391766,0.301883,0.037497,0.017526,-0.067471,0.221924,0.037432,0.392408
-0.502988,-0.355372,0.510775,-0.015425,-0.039673,-0.603449,-0.554465,0.166083,-0.489795,-0.147610,-0.336127,0.150560
0.216419,-0.649506,0.565390,0.189276,0.031242,-0.334274,0.113494,-0.113768,-0.295900,0.180881,-0.190208,-0.061802
0.022288,-0.914913,0.077988,0.086785,0.158302,-0.339644,0.468636,0.086676,-0.176579,-0.061951,-0.464127,0.220599
0.440692,-0.348709,0.320792,-0.436270,-0.562732,-0.472248,-0.229742,-0.254409,-0.250963,0.170519,-0.035328,-0.253037
1.343471,0.121856,0.291156,-0.005800,-0.509132,-0.113985,0.374436,-0.022602,-0.397341,0.280313,0.259297,-0.277893
0.967267,-0.646348,0.329408,0.372527,-0.072256,-0.202151,0.128120,0.069728,-0.269492,0.166401,-0.093503,0.102172
0.848062,-0.391865,1.057619,0.211134,-0.304813,-0.521379,-0.342914,-0.010825,-0.329322,0.182100,-0.213485,0.208235
0.758525,-0.569434,0.606921,-0.137159,-0.365242,-0.338867,-0.720936,-0.271932,-0.092521,-0.082074,-0.294726,-0.021767        
0.574613,-0.358511,0.150757,0.335538,-0.188866,-0.706391,-0.584542,-0.311885,-0.274376,0.097355,-0.150769,0.141221
0.543991,-0.116791,0.433642,0.325820,0.052112,-0.286188,-0.143329,-0.214157,-0.222760,0.392295,-0.064168,-0.089600
0.324868,-1.083467,0.187131,-0.011771,-0.166876,0.150525,-0.460847,-0.034489,0.003100,0.167958,-0.096422,0.012955
0.371700,-0.694918,0.437425,-0.543581,-0.327419,0.090857,0.282188,-0.356413,-0.540077,0.098829,-0.062232,0.093239
1.375013,-0.078992,0.629126,0.047715,-0.150078,-0.088652,0.112385,-0.355997,-0.136575,0.132675,-0.144814,0.181234
0.768853,-0.274309,0.454558,-0.015560,-0.236772,-0.564939,-0.198720,-0.110945,-0.192071,0.216361,0.078110,0.027712
0.804633,-0.770680,0.494315,-0.188515,-0.026778,-0.233602,0.260784,0.048149,-0.093284,0.231670,-0.023898,-0.166600
0.317025,-0.137755,0.633960,0.338022,-0.523524,-0.463951,0.132337,-0.382650,-0.352488,0.453457,0.053556,0.116995
0.549168,-0.876032,-0.136002,-0.122656,-0.638096,-0.092841,0.050632,0.169501,-0.309692,0.187623,-0.153958,-0.059667
1.271349,-0.094392,0.730923,0.216537,0.020637,0.220338,-0.191708,0.007610,-0.092469,0.177643,0.022132,0.002524
0.824662,-0.726069,0.319031,0.598944,0.378916,0.145585,0.301732,0.333316,-0.284137,0.078087,0.112300,-0.142395
0.489959,-0.830720,0.496154,0.080073,-0.657414,-0.471784,-0.016044,-0.230919,-0.401214,-0.136949,0.011312,-0.085066
0.385367,-1.105406,0.970421,-0.015752,-0.419097,-0.344752,-0.014563,-0.229401,-0.335472,0.052016,-0.383486,-0.013198
0.915736,-0.341750,0.235204,0.741585,0.267261,-0.301971,-0.143781,0.137879,-0.267393,-0.172993,-0.238776,-0.048324
1.139555,0.172868,0.373429,0.001705,0.234913,0.038338,0.029047,0.256957,-0.239161,-0.042035,-0.178860,-0.122762