-1.134766,0.837688,0.965493,0.255110,-0.074681,-0.031661,0.232266,0.415515,-0.137624,-0.221895,-0.247055,0.233181
-0.781189,-0.119846,0.363521,-0.197115,-0.051858,-0.156504,-0.156204,0.079732,-0.236031,-0.040083,-0.094138,-0.042236        
-0.678301,-0.714608,0.630904,0.405449,0.538937,0.233255,0.361795,0.145296,-0.337561,-0.308511,-0.447624,-0.421028
-0.498174,-0.768854,0.200050,0.309531,0.205834,0.099664,0.320529,-0.178068,-0.198732,-0.003129,-0.125753,-0.266698
0.020612,-0.347652,0.693602,-0.000654,-0.085819,0.113920,0.189287,0.013425,-0.206302,0.384354,0.095411,0.043578
0.474651,-0.233547,0.482755,0.283519,0.222971,0.196054,0.459890,0.115799,-0.543177,0.026522,-0.176589,-0.171263
0.897143,-0.391395,0.264065,0.126575,-0.225045,-0.239628,0.235494,-0.074854,-0.334340,-0.147510,0.068595,0.364742
0.830466,-0.371392,0.462323,0.436593,-0.506001,-0.814254,0.077775,-0.191503,-0.334769,-0.079469,-0.062895,0.232598
0.286127,-0.687469,0.010655,-0.492345,-0.494850,-0.229423,-0.012854,0.225253,-0.440461,-0.000425,-0.094653,0.039096
0.531204,-0.949419,0.241421,0.643312,-0.316068,-0.063503,0.224530,0.005889,-0.270497,-0.353128,-0.170476,-0.104120
0.518341,-0.497515,0.299610,0.349621,-0.277263,-0.299038,-0.047213,-0.091930,-0.560654,0.040644,0.064978,-0.000142
2.858045,1.371701,1.022361,0.272046,0.283434,-0.120729,-0.364893,0.017420,-0.329801,-0.033736,-0.045531,-0.228539
7.430824,2.252547,1.042886,0.386966,-0.140186,-0.301980,0.066838,0.118306,-0.208311,0.135457,-0.043728,0.029958
6.518605,2.034730,0.709083,-0.270082,-0.803723,-0.465360,-0.106466,0.372351,-0.092790,-0.077271,-0.080499,-0.157132
5.237293,2.880647,1.202937,-0.108289,-0.732589,0.000799,-0.005548,0.229863,-0.632253,0.002159,0.020772,-0.015067
4.730575,2.745087,0.788565,-0.348665,0.182088,0.184118,0.315920,0.384068,-0.541833,0.113731,-0.336572,-0.000054
1.718035,3.276498,0.963066,-0.044775,0.155996,0.066920,0.025575,-0.131723,-0.084315,0.123612,-0.115035,0.056970
0.616827,1.455798,0.105134,0.284530,0.518241,0.201373,0.277535,-0.225981,-0.454645,0.222406,-0.116841,0.060173
-1.535322,1.389555,0.311726,-0.376444,0.315859,0.150750,0.278298,-0.004157,-0.476637,-0.134109,-0.046910,0.110430
-3.593961,0.035874,0.837422,0.304817,0.098591,0.004089,0.239319,0.057695,-0.443945,0.279958,-0.089182,-0.015180
-2.568202,1.000066,0.947424,0.119079,0.025779,-0.160906,0.023675,-0.027618,-0.198429,-0.020515,-0.179829,0.039412
-2.724375,0.339843,0.652530,-0.067264,-0.059326,0.280388,0.345161,0.179921,-0.327097,-0.014562,-0.083811,-0.049008
-2.761985,0.106907,0.619473,0.062247,0.186499,-0.144823,-0.177771,0.232206,-0.055160,0.200963,0.231428,-0.147929
-2.579350,-0.361569,1.095223,-0.041025,-0.067356,-0.713213,-0.306798,0.231559,-0.379479,0.122359,-0.007385,0.051140
-2.115791,0.067880,0.680036,0.062403,-0.326168,-0.214231,0.168911,0.451103,0.089487,0.228733,0.266602,0.343354
-1.222466,0.147798,0.093956,0.175072,-0.483366,-0.401647,0.144050,0.055504,-0.390205,0.162659,-0.077576,-0.025767
-0.997851,-0.038479,0.104655,-0.207380,-0.235731,-0.362874,-0.279237,-0.135945,-0.630035,-0.122681,-0.424427,-0.058772       
-0.519475,0.049259,0.407390,0.606707,-0.019371,-0.081785,0.337682,0.035695,-0.036418,0.285144,-0.078558,0.245996
-0.599333,-0.128609,0.227479,0.278225,-0.178135,-0.351161,0.106669,0.262932,-0.128197,0.032748,-0.129142,0.021708
-0.826314,-0.383648,-0.107506,0.058786,-0.086226,-0.295441,-0.100483,0.314626,0.006343,-0.062320,-0.050356,-0.235342
0.354582,-0.481713,0.026303,-0.013217,-0.201238,0.135629,0.334476,0.331044,-0.270649,0.001484,-0.044062,0.208094
0.335393,-0.784273,0.276219,0.121089,-0.308648,-0.278082,-0.056370,0.014429,-0.439374,0.022470,-0.010791,0.130376
1.126036,-0.158598,0.348222,0.373298,0.109168,0.041499,0.356484,0.072924,-0.432291,0.133932,0.006146,0.233079
1.118964,0.035722,0.577557,0.116036,-0.067713,-0.493836,-0.033624,-0.112337,-0.133174,0.004224,0.015043,0.268675
0.281428,-0.486791,0.300368,0.114115,0.329986,-0.650007,-0.374920,-0.258899,-0.348162,-0.135363,-0.076831,0.186958
0.697800,-0.210819,0.270698,0.201450,-0.171874,-0.014772,-0.309735,-0.177408,0.131200,0.276507,-0.028397,0.103196
0.306631,-0.275920,0.672330,0.587807,-0.059766,-0.001413,0.198418,-0.064492,-0.600928,-0.129963,-0.193922,0.122805
1.030375,0.089916,0.990845,0.477798,0.183232,-0.073947,0.064575,-0.238988,-0.342327,0.097701,-0.149857,0.255017
0.177697,0.036692,0.504992,-0.175606,0.152159,-0.408875,0.278737,0.111470,-0.630432,0.212230,0.210429,0.008729
1.057086,-0.132471,0.411464,-0.154677,-0.310618,-0.747789,-0.058722,-0.052211,-0.493772,0.052128,0.105582,0.114708
0.695676,-0.240864,0.529053,-0.308721,-0.849105,-0.217989,0.493430,-0.062432,0.007433,0.353282,-0.188643,0.386748
0.836514,-0.223515,0.894252,-0.077243,-0.303724,0.001284,0.028032,-0.022569,-0.052152,0.505324,-0.262611,0.026499
0.846241,-0.243299,0.921826,0.291209,0.181326,-0.039878,0.108015,-0.234253,-0.245577,0.135499,-0.184167,0.042296
0.805349,-0.023394,0.516548,0.263107,-0.120132,-0.380774,0.034599,0.280511,-0.095879,0.406327,-0.188900,-0.029572
0.730523,-0.330417,0.836094,0.055989,-0.018550,-0.287281,0.228035,0.063803,-0.031170,-0.060061,-0.259672,0.115810
0.225882,-0.399379,0.328688,-0.251307,-0.262083,-0.241374,0.326541,0.016485,-0.213315,-0.083275,-0.350031,-0.043195
0.231244,-0.366047,0.824172,-0.044832,0.063913,0.311002,-0.182520,-0.283697,-0.438133,-0.020487,-0.044127,-0.090943
0.898313,0.253412,0.223140,-0.727302,-0.114453,-0.062150,-0.192114,-0.303728,-0.518091,-0.130712,-0.053625,-0.049552
0.865217,-0.547388,0.727022,0.200726,0.128007,0.193334,0.105218,0.071964,-0.122395,0.374647,0.058136,0.261946
0.881943,0.007834,0.926721,0.226052,-0.018344,0.033968,0.175047,0.015028,-0.252488,-0.241389,-0.259865,0.235829