-0.516665,0.691915,1.429334,0.165506,0.080575,0.162521,-0.184053,0.218753,-0.317784,0.011384,0.165698,0.061434
-1.055590,-0.293796,0.673034,0.529808,0.073781,-0.069928,-0.308118,0.109868,-0.119579,0.009565,-0.209687,-0.107445
-0.256608,-0.005877,0.803742,-0.030616,0.011685,-0.235286,-0.235625,0.004426,0.014035,0.214273,-0.150080,-0.169122
-0.485315,-0.916195,0.436262,0.182832,0.158625,-0.294224,-0.314221,0.077445,-0.277835,0.404381,0.291141,0.192852
0.275945,-0.308947,0.843741,0.039663,0.073310,0.176402,-0.152140,-0.229591,-0.312470,-0.432389,-0.108927,0.070989
0.694617,-0.551735,0.353659,0.077511,-0.079631,-0.252344,-0.252188,-0.045852,-0.361329,0.158234,-0.175065,0.037633
1.187124,-0.286583,0.897109,-0.007702,-0.174606,0.205093,-0.061019,0.121918,-0.332407,0.111520,0.065622,0.201566
0.652158,-0.462653,0.468763,0.170642,0.006183,0.201440,0.173555,0.151660,-0.134048,-0.004723,0.058111,0.069328
0.947696,-0.425402,0.253643,0.168070,-0.041006,-0.357885,-0.303049,0.190858,-0.117710,-0.019633,-0.139201,-0.042029
0.585093,-0.524838,-0.328733,0.349681,-0.344743,-0.439707,-0.258249,-0.003132,-0.036312,-0.209203,-0.168466,-0.061796
0.520535,-0.386491,0.055127,0.450688,-0.295820,-0.364647,-0.207340,-0.047179,-0.090553,-0.114070,-0.178821,-0.057122
0.547078,-0.670696,0.238008,0.211695,-0.044049,0.153527,0.053228,0.395788,0.423065,-0.132792,-0.457150,0.187319
1.116564,-0.520512,0.712514,0.275364,0.091162,-0.353695,-0.190990,0.005029,-0.173027,-0.042032,-0.469141,-0.057745
0.601371,-0.813314,0.501490,0.003139,-0.128585,-0.370400,-0.032006,-0.054727,-0.161512,0.287568,-0.016408,0.334664
0.445863,-0.863778,0.286227,-0.310616,-0.214994,-0.086508,0.147678,-0.028637,-0.330671,0.234496,0.099362,0.391383
0.937852,-0.345802,0.490808,-0.226946,-0.387335,-0.287298,-0.664625,-0.371825,-0.272260,0.223779,-0.333973,0.106564
0.935899,-0.788086,0.161275,-0.255896,-0.307668,-0.422071,-0.311893,-0.009816,-0.294230,0.159862,-0.042662,0.235189
0.928153,-0.533216,0.905064,0.397367,-0.346545,-0.365763,0.168092,0.040824,-0.095427,0.110786,-0.310437,-0.060279
1.877660,0.880358,1.265027,0.789078,0.172816,-0.359397,0.239829,-0.071168,-0.462610,0.071810,-0.055325,-0.026491
6.633685,2.383393,1.538750,0.723675,0.219937,-0.085826,-0.090824,-0.044313,-0.020690,-0.169439,-0.058544,-0.107446
5.881252,2.841018,1.203124,0.610888,0.197035,0.063401,-0.228119,0.154225,-0.341642,0.050916,-0.132921,-0.023559
7.272681,2.642008,1.048371,0.412797,-0.143935,-0.341061,-0.058004,-0.051910,-0.073598,0.198856,0.080577,0.022882
5.671203,3.001724,1.305406,0.486569,0.186615,0.015831,-0.307272,-0.478199,0.183912,-0.123439,-0.438247,-0.082911
4.871576,3.099730,1.147159,-0.049131,-0.007092,0.525096,0.373124,-0.155653,-0.597641,-0.287788,-0.191262,-0.009080
4.359507,2.754102,1.121745,0.392127,0.504550,0.522122,0.002165,-0.330205,-0.207830,0.054208,-0.017450,-0.015653
1.702532,2.793644,1.622650,0.344320,-0.012789,0.134066,-0.176223,-0.106933,-0.566442,-0.156580,-0.170528,0.000733
-0.388207,1.985483,1.817844,0.075699,-0.460771,-0.012595,0.180388,-0.028969,-0.286748,0.251114,-0.105322,-0.139108
-2.412623,1.212066,1.068467,0.527849,-0.126556,-0.539561,-0.347220,0.039895,-0.045870,0.130441,-0.127474,-0.115032
-3.032705,0.295829,1.032847,0.396537,0.014379,-0.096614,0.326917,0.078718,-0.409025,-0.159976,-0.520380,-0.239567
-3.173127,-0.065937,0.408652,0.102087,0.126216,0.110097,-0.057746,0.004067,-0.074696,0.124804,-0.131198,0.167487
-3.243263,-0.102659,0.843935,0.402089,0.087657,-0.296719,0.034567,-0.193758,-0.264007,0.384584,-0.102633,0.067854
-1.992856,-0.025708,0.383695,0.512790,-0.189410,-0.345032,-0.274332,-0.141297,-0.109695,0.107181,-0.274744,0.081263
-2.354997,-0.300590,0.313789,0.009807,-0.029333,-0.305957,-0.396503,-0.045795,-0.088547,-0.065989,-0.367012,0.145995
-1.579268,-0.120569,0.991827,0.111645,0.091605,-0.090309,-0.200864,0.074266,-0.112331,0.135720,-0.039262,0.251334
-1.421953,-0.147422,0.726093,-0.125231,0.212408,0.226568,0.037265,-0.206126,-0.121383,0.106551,-0.262360,-0.015496
-1.253412,-0.097799,0.827632,-0.108061,0.095769,0.052779,-0.208341,-0.099691,-0.300501,-0.214347,-0.406332,-0.112382
-0.973624,-0.497433,0.544858,-0.283600,-0.565547,0.295708,0.327454,-0.013586,-0.148318,0.177234,-0.099299,0.006359
-0.534957,-0.393510,0.451391,-0.144736,-0.443747,0.200489,-0.176081,0.256881,-0.048895,0.219241,0.064712,0.059276
-0.058874,-0.244889,0.849831,0.054779,0.109329,-0.505681,-0.414807,0.161732,-0.306079,-0.277739,0.372676,0.065616
0.346181,-0.198052,0.563176,-0.209085,-0.283334,-0.255447,-0.187062,-0.113584,-0.420645,-0.241780,-0.174487,0.134711
0.623251,0.334987,0.701179,0.121189,-0.159163,-0.347996,0.164930,0.041521,-0.436747,-0.045862,0.136538,0.123885
0.741861,-0.203910,0.494941,0.180606,0.126226,-0.149140,-0.265660,0.001610,-0.400488,-0.029893,0.359897,0.182352
0.657891,-0.085256,0.872220,-0.159419,-0.373486,-0.241918,-0.175548,0.165660,-0.262904,-0.021663,0.131246,-0.059764
0.706531,-0.148534,1.036070,0.368898,-0.136049,-0.231211,-0.076872,-0.258577,-0.179922,0.153564,-0.055425,0.188209
0.632496,-0.591792,0.300628,0.089358,-0.103205,-0.479953,-0.001472,-0.446794,-0.139912,-0.097694,-0.366377,-0.164354
0.866240,-0.826106,0.160865,-0.237367,-0.107056,-0.047338,0.196155,0.169210,-0.205686,0.199355,-0.397706,-0.264964
1.100417,-0.374438,0.280393,0.058195,0.039926,-0.478754,-0.171549,-0.110617,-0.397903,0.229186,-0.283121,-0.199491
0.527611,-0.973768,0.250077,-0.127471,-0.333093,-0.490570,-0.495476,0.164088,-0.240715,0.003208,-0.297142,-0.178998
0.168762,-0.758545,0.298494,-0.087571,-0.369650,-0.532402,-0.346114,-0.659393,-0.451056,-0.023484,0.041652,-0.012583
0.225725,-0.403947,0.633066,0.609932,0.199822,-0.001018,-0.352507,-0.216299,0.198989,0.252322,-0.153831,-0.140003