-1.263060,0.751034,0.955999,0.638300,0.058926,0.416832,0.068119,-0.132513,0.272867,0.067741,0.152789,0.358584
-0.511706,-0.153266,0.661424,0.019623,-0.269106,-0.049501,-0.092504,0.047397,0.026467,0.153728,0.271849,-0.061443
-0.507062,-0.219491,0.737344,0.083698,-0.153527,-0.014749,-0.113492,0.115170,0.188546,0.003209,-0.118526,0.233065
-0.774624,-0.693701,0.285948,0.315884,0.273800,0.176448,-0.505740,-0.220667,-0.461813,0.037666,-0.102746,0.017519
0.117240,-0.835576,0.472982,-0.064216,-0.271016,0.149983,0.194384,0.272664,-0.250200,0.121975,-0.170717,-0.239424
0.215389,-0.499462,0.548156,0.308302,0.059476,-0.169493,0.033054,0.493095,0.228683,0.056964,0.007100,0.090490
0.095803,-0.612797,0.179821,0.379353,-0.077167,-0.269267,0.170317,0.010189,-0.125902,0.030755,-0.234148,-0.162523
-0.115953,-0.519941,0.506531,0.581836,-0.326237,-0.660533,0.221854,0.074551,-0.269098,0.015491,-0.031548,0.075314
0.697676,-0.451621,0.427675,0.117519,-0.600557,-0.402829,0.140412,-0.280305,-0.566906,-0.084666,-0.189787,-0.250288
0.461899,-0.717352,0.068448,0.008793,-0.074879,-0.321008,-0.673297,-0.286294,-0.041207,0.210378,-0.295285,-0.059452
0.835346,-0.435197,0.002101,-0.329891,-0.412140,-0.343084,-0.067915,0.168066,0.043081,0.311304,-0.008561,0.194114
1.058666,0.022647,1.149233,0.459437,-0.356547,-0.491665,-0.301571,-0.025760,-0.295622,-0.163336,-0.054511,0.382606
7.678379,2.147871,1.231727,0.464201,0.234422,-0.164864,-0.211018,-0.273806,-0.302051,-0.130991,-0.009273,-0.017334
5.787795,3.327999,1.357335,0.701559,0.035235,-0.168810,0.297265,0.274387,-0.366489,-0.233919,-0.344938,0.264612
7.027382,2.671940,1.252789,0.838558,-0.171819,-0.311620,-0.167060,-0.021267,-0.329559,0.232093,-0.042338,-0.106858
5.091722,3.092438,1.632077,0.601570,0.273130,0.086853,0.120475,0.062580,-0.420487,-0.258463,-0.123626,-0.034841
6.123865,2.191751,1.206821,0.479553,0.192942,0.111537,0.049357,-0.069931,-0.254623,-0.353784,-0.223132,0.039517
4.268681,2.107858,1.018710,0.355692,0.192219,0.051205,0.181225,-0.094278,-0.143226,-0.307447,-0.008984,0.126143
1.653939,2.059476,1.061331,0.179343,0.169401,0.364885,0.059419,0.061737,-0.281031,-0.199346,-0.018915,-0.065159
-3.166769,1.320809,1.446418,0.130128,-0.308728,0.018294,-0.141628,0.041162,-0.799463,-0.129562,-0.179032,0.108128
-3.070670,0.457645,1.148201,0.393180,0.142087,0.194052,-0.438924,-0.041540,-0.386459,-0.093709,-0.211277,0.279010
-3.120964,0.093673,1.027564,0.247678,0.002755,0.024380,0.008598,-0.115686,-0.324855,-0.033376,-0.156465,0.359097
-4.120595,-0.379416,0.882285,0.086828,-0.483478,-0.076198,0.102996,-0.058380,-0.357595,0.065977,0.049571,0.126135
-2.917612,-0.475565,0.664427,0.558469,0.345643,-0.526457,-0.344331,0.218588,-0.240994,-0.068897,-0.308845,-0.391314
-2.683220,0.131563,0.883333,0.000140,-0.143510,-0.133137,-0.040771,0.288174,-0.415976,-0.045287,0.215318,0.045916
-2.415370,-0.158415,0.641081,0.060430,0.566907,0.194844,-0.112199,0.255492,-0.107522,-0.087350,0.164965,0.026242
-2.245600,-0.300769,0.918791,0.111209,-0.411573,-0.276795,-0.128047,-0.028186,-0.114392,-0.040514,-0.242698,0.370107
-1.656453,0.110068,0.893778,0.402478,-0.272721,-0.372738,-0.270920,0.129570,-0.168652,0.080881,-0.299220,0.146632
-1.495302,-0.132055,0.358868,0.370483,-0.227876,-0.193531,0.418305,-0.135074,-0.577723,0.137431,-0.084646,0.012219
-1.693605,-0.944970,0.971186,0.430357,-0.087698,-0.549835,-0.526305,-0.206051,0.111035,0.292301,-0.039388,0.389818
-1.046558,-0.772447,0.367711,0.215487,0.031971,-0.201685,-0.211073,-0.244147,-0.298445,-0.203095,0.081951,-0.250483
-0.006212,-0.668425,-0.011729,0.272043,0.025100,0.152111,-0.290525,0.205777,-0.274216,-0.075334,-0.078044,0.225508
-0.155379,-0.476165,0.321374,-0.125790,0.212677,0.027432,-0.288214,0.143216,-0.191486,-0.136069,-0.453284,0.029732
0.270183,-0.698254,0.441865,0.459851,-0.124462,-0.062047,-0.157242,0.328728,-0.049655,0.013966,-0.099531,0.261755
0.737218,-0.372648,-0.033850,-0.051433,-0.427232,-0.425815,0.103815,0.068881,-0.095897,-0.519717,0.072632,0.147775
0.513478,-0.498611,0.374360,-0.024645,-0.345718,-0.689021,-0.167529,0.082089,-0.377560,0.027157,-0.249360,0.150801
0.169792,-0.501364,0.211846,-0.082829,-0.745570,-0.670645,-0.098567,-0.109035,-0.486228,-0.061222,-0.258269,-0.200750        
1.110862,-0.486063,0.365060,0.251469,-0.040489,0.361428,-0.099205,0.113872,-0.018012,0.046522,0.002763,0.013670
0.677262,-0.893360,-0.017332,0.350902,-0.259611,-0.549407,-0.104468,-0.284454,-0.124188,0.333558,0.072107,0.179112
0.636632,-0.900766,0.086652,0.144623,-0.047735,0.145352,0.509565,0.339850,0.265308,0.425711,0.149937,0.051099
0.565652,-0.637437,0.106879,0.210686,-0.317998,-0.543804,-0.417759,-0.215126,-0.244980,0.072294,-0.066457,-0.148360
0.325209,-0.690580,0.412064,-0.242151,-0.294581,-0.324843,-0.301132,-0.264459,-0.011530,0.069753,0.035394,0.131140
0.066458,-1.218463,0.122351,0.099810,-0.057350,-0.378369,-0.188936,0.159558,-0.280598,0.066145,-0.108963,0.455483
0.986888,-0.802269,0.304778,0.663893,0.119091,-0.126557,0.418174,0.222376,-0.404945,0.336309,-0.146011,-0.009846
0.423871,-0.421256,0.273932,0.746926,-0.049312,-0.398482,-0.331486,0.070214,-0.321315,-0.048742,-0.342442,0.142795
0.839473,-0.585049,0.064176,0.534249,-0.137298,0.177952,0.026322,0.131384,-0.467858,-0.013250,-0.096338,0.037550
0.361465,-0.755833,0.117459,-0.333511,-0.481249,-0.130808,0.068151,0.348008,-0.489317,-0.046729,-0.123407,0.003726
0.409020,-1.343559,-0.258048,-0.442175,-0.257870,-0.078492,-0.317592,-0.095088,-0.046714,0.030185,-0.118505,-0.190017        
0.664970,-0.657555,0.113253,-0.187635,-0.500602,-0.384047,0.156918,0.088824,-0.513430,-0.064391,-0.264800,-0.015947
0.662987,-0.844740,0.130349,-0.233471,-0.768885,-0.660364,-0.070291,0.009155,-0.539927,0.035197,-0.108081,-0.062480