-1.376894,0.461550,0.228699,0.606401,0.639657,0.081969,0.239610,0.074150,0.247426,-0.218009,-0.222817,0.008160
-0.751294,-0.058565,0.620924,0.585504,-0.011797,-0.263141,0.321231,0.444458,-0.052122,-0.181421,0.098377,0.004125
-0.708395,-0.505135,0.844530,0.548572,0.181912,-0.360440,-0.042752,0.258505,-0.181032,0.247358,-0.134470,-0.350241
-0.894772,-1.391528,-0.182728,0.398402,-0.088697,-0.329523,-0.107436,0.029444,-0.331128,0.003817,0.170288,0.254069
-0.150373,-0.708178,0.441337,-0.107115,-0.167844,-0.072562,0.073084,0.318044,0.142254,0.465024,0.150263,0.167710
0.931153,-0.638122,0.510131,-0.000211,-0.531554,-0.071985,-0.197432,-0.119602,-0.097207,0.217172,-0.043669,0.068812
0.911563,-0.208229,0.686483,-0.040568,-0.477518,-0.303665,0.062328,0.176278,-0.188126,0.003805,-0.119129,0.119995
0.071629,-0.510740,0.344709,-0.253690,0.272956,0.420878,0.359712,0.504240,-0.184061,0.077354,-0.114955,-0.056903
0.872124,0.046575,1.133174,0.261565,-0.123222,-0.382741,-0.025514,-0.115496,-0.593010,-0.229187,-0.168524,0.276330
0.830103,0.049287,0.463692,0.117490,0.107631,-0.224334,-0.240474,-0.251704,-0.354819,-0.235678,-0.602139,-0.243212
0.565200,-0.291245,0.488915,-0.181134,-0.451702,-0.455058,-0.383749,-0.090230,-0.571559,-0.476597,-0.164106,-0.168115        
0.528841,-0.758516,0.116401,-0.185336,-0.350018,0.129490,0.086369,0.404619,-0.297414,-0.121462,-0.069653,-0.103830
1.214087,0.149336,1.118701,0.297319,-0.233181,-0.119600,-0.069377,0.062192,-0.089885,0.200818,0.065760,-0.046892
0.094366,-0.406425,0.520048,0.196220,0.078422,-0.325117,-0.319910,-0.120898,-0.436313,-0.059184,-0.303967,-0.144752
0.931993,0.037356,1.075652,0.708915,0.054612,-0.525589,-0.166231,0.281429,-0.337134,-0.158065,-0.197684,-0.212355
1.388843,0.031199,0.731407,0.438643,-0.039289,-0.124704,0.090689,0.366380,0.009226,0.154754,-0.197081,0.036575
1.354705,0.154184,1.117317,0.392455,0.212554,-0.173432,0.153637,-0.027484,-0.247726,0.069632,-0.099537,0.234095
0.892679,0.021423,0.802050,0.419846,0.117464,-0.252132,0.290445,0.089242,-0.328358,-0.220206,-0.352531,0.179039
0.768158,-0.360479,0.685998,-0.004421,0.039018,0.040958,-0.219609,-0.032586,-0.180161,-0.181066,-0.171325,-0.073514
0.630903,-0.175844,1.005144,0.296123,-0.068730,-0.045027,-0.109076,0.092954,0.065380,-0.233332,0.117804,0.026720
0.782611,-0.219803,0.182339,0.203379,-0.212895,0.390106,0.430248,0.044997,-0.012483,-0.097702,-0.333112,-0.158455
-0.028073,-0.374100,0.320874,0.333908,-0.505849,-0.024300,0.140292,0.612357,-0.076883,0.150604,-0.247350,0.048251
0.833382,0.218996,0.599301,0.024783,0.045436,-0.125861,0.184276,0.214130,-0.124237,0.166288,-0.336834,0.203954
0.757683,-0.072989,0.542852,0.361964,-0.035566,0.123817,-0.125766,0.297805,-0.076859,-0.207354,-0.254813,0.128649
0.650000,-0.233081,0.300126,-0.044664,-0.032915,-0.014524,-0.123227,0.002954,0.218308,0.379606,0.146090,0.153099
0.443843,-0.695556,0.818601,0.135604,0.381262,0.520151,-0.066698,-0.124854,-0.087169,0.107397,-0.177179,0.074253
7.157084,2.407513,1.619511,0.748066,0.345263,0.078399,-0.075592,-0.148842,-0.082665,-0.035153,-0.101178,-0.125319
6.361277,2.856751,1.521421,0.619568,0.176733,-0.237965,-0.070799,0.000462,-0.167281,-0.015122,-0.119505,-0.289921
8.039997,1.859799,1.104175,0.408840,0.246817,0.013950,-0.095185,-0.061094,-0.083269,-0.132681,-0.070288,0.006672
7.976438,1.749457,1.147608,0.536250,-0.107085,0.093274,0.057003,-0.291516,-0.306379,0.050107,-0.024426,-0.088224
6.996891,2.656858,0.705227,0.358040,-0.043157,0.140394,0.000005,-0.179742,-0.536663,-0.126983,-0.281993,0.129296
6.192966,2.263191,1.033428,0.307811,-0.047982,-0.121639,0.041516,-0.113630,-0.216717,-0.168958,-0.103258,-0.001767
2.591034,2.756237,0.981240,0.188556,0.288278,0.326022,0.130780,0.001939,-0.142675,-0.140370,-0.021145,-0.050737
1.173851,2.049636,0.775411,0.183045,-0.299643,-0.233889,0.171897,0.339544,-0.563838,-0.126055,-0.174704,-0.081267
-3.335634,1.829062,1.031643,0.242142,-0.088924,0.008966,-0.241696,-0.276154,-0.176586,-0.123492,-0.305960,0.003663
-3.449375,1.146011,1.393952,0.569792,0.283881,-0.150376,-0.342174,-0.120790,-0.498284,-0.180508,-0.259174,0.012986
-3.770183,0.510731,0.893055,0.266606,0.058720,-0.139856,-0.205957,0.169118,-0.033854,0.052761,-0.101024,0.266697
-4.197241,0.290336,0.958741,0.375232,-0.223736,-0.038265,-0.077374,-0.065087,-0.106024,0.061083,-0.285898,0.126319
-3.634809,0.242140,1.159286,0.485868,-0.210362,-0.406250,-0.000005,0.137548,-0.365349,0.225418,0.100715,0.348257
-3.058781,0.441620,0.864099,0.204924,-0.239432,-0.589982,-0.328848,0.064280,-0.069956,0.129536,0.111371,0.116068
-3.132887,-0.115482,0.733138,-0.004521,-0.321008,-0.309999,0.027923,-0.029731,-0.028052,0.023723,0.042623,0.203688
-2.720555,0.085517,0.942015,0.034025,-0.294356,-0.010630,0.004370,0.132159,0.056427,-0.047555,0.154510,0.618922
-2.916479,-0.823445,0.674176,-0.416153,-0.138762,0.310111,0.137393,0.259008,0.131921,0.154730,-0.042769,0.388884
-1.927361,-0.334674,0.141234,-0.201704,-0.380062,0.002392,0.123723,0.142798,0.022237,-0.015522,-0.414031,0.115489
-1.766600,-0.276104,0.107659,0.100478,-0.797514,-0.471195,0.233640,-0.337146,-0.082587,-0.015042,-0.268586,-0.133718
-1.566758,-0.290144,0.038912,0.329565,-0.261004,0.283948,0.278182,0.231861,-0.108051,0.087776,-0.228628,-0.102008
-1.295070,-0.430958,0.145543,0.212019,-0.408154,-0.256976,0.063756,-0.183921,-0.270825,-0.451504,-0.241350,-0.222494
-1.158980,-0.724326,0.376550,0.203090,-0.231979,-0.253593,-0.169228,-0.020476,-0.248387,-0.018877,-0.230007,-0.079653        
-0.588647,-0.283774,0.167486,-0.263939,0.024158,-0.098661,-0.074796,0.271146,0.102866,0.040811,0.285758,-0.017196
0.319743,-0.460141,0.138901,-0.402816,-0.418857,-0.500068,-0.269079,-0.042571,-0.510548,-0.099112,-0.092674,0.128837