0.779917,-0.380712,0.587130,-0.310074,0.269949,0.129523,0.163527,0.198110,0.023933,0.301801,-0.165987,-0.005281
1.497382,-1.017179,0.594220,0.293171,0.399059,-0.368333,-0.055213,-0.005209,-0.330203,0.005783,-0.113612,-0.016645
1.589021,-0.792536,0.438916,0.236889,0.011559,-0.473803,-0.329673,0.084488,0.047561,0.089127,0.190259,0.191720
1.930445,-0.490251,0.195837,-0.395977,-0.461288,-0.335849,0.136147,0.276572,0.054804,-0.164848,-0.053044,0.417528
1.617871,-0.815047,0.609979,-0.710954,-0.505906,0.019535,0.014833,0.116063,-0.266059,0.038358,-0.223821,0.018962
1.478264,-0.652474,0.344789,-0.748154,-0.329516,-0.388096,-0.317824,-0.085816,-0.497120,-0.121773,-0.062549,0.182705
1.581436,-0.976564,-0.146679,-0.254684,-0.124660,-0.462285,-0.182422,0.254145,-0.350988,-0.314979,-0.108365,0.234125
1.803774,-0.371990,0.389091,0.116981,0.368185,-0.184975,0.090725,0.203413,-0.295569,0.281537,-0.223769,-0.046856
2.289437,-0.611406,0.266939,-0.400122,-0.121536,-0.195804,0.043933,0.116288,-0.246399,0.218359,0.028861,0.034629
1.520181,-0.901936,0.117860,-0.162489,0.327374,-0.582992,0.053573,-0.007547,-0.349296,0.216232,-0.165640,0.153392
1.563752,-0.953818,-0.038464,-0.194230,0.199735,0.027308,0.190735,0.064066,-0.313880,0.045005,-0.360227,0.063271
1.701188,-0.309977,0.636858,-0.272267,-0.240383,-0.209949,0.179453,0.389246,-0.256258,0.087962,-0.222542,-0.031464
2.233169,-0.203705,0.409636,0.085668,0.112963,-0.245728,0.255335,0.211761,-0.050778,-0.209248,-0.395905,0.177631
2.511149,0.831276,1.066668,0.572939,0.470300,0.235614,-0.215314,-0.083700,-0.192200,0.275286,0.060183,0.039643
4.983496,2.168692,1.049844,-0.292161,-0.742645,-0.236405,-0.019165,0.039168,-0.179123,0.343674,0.168530,0.220805
6.467855,2.912663,1.238564,0.741864,-0.272726,-0.251503,0.165895,0.024302,-0.061293,-0.066077,-0.066264,0.231599
5.095633,3.276391,1.295774,0.616933,-0.061312,0.367665,0.007158,-0.108523,-0.000789,-0.196409,0.054235,0.320964
4.999252,2.818280,0.939672,-0.024791,0.292833,0.455341,0.316953,0.074314,-0.077356,-0.658905,-0.069011,0.037986
2.584780,3.202058,1.211382,-0.004370,-0.003083,0.563868,0.641011,-0.033827,-0.476591,-0.315764,0.480751,0.348940
-0.657332,2.780585,0.668997,-0.072632,0.367298,0.810516,0.397556,-0.105549,-0.634817,-0.467731,-0.447233,0.275127
-2.270172,2.263578,0.967841,-0.129547,-0.438369,0.400578,0.246027,-0.138831,-0.598362,-0.183974,-0.004635,0.253246
-4.101831,0.309472,0.897455,-0.105973,-0.364429,-0.216810,-0.410093,-0.239276,-0.624049,-0.102347,-0.074116,0.625556
-4.750076,-0.231597,1.087503,0.301739,0.530990,-0.008440,-0.290547,-0.268357,-0.410345,0.230872,0.168355,0.400043
-4.733795,0.286600,1.122142,0.328614,-0.424534,-0.492382,-0.306102,-0.229716,-0.353382,-0.215169,-0.243047,0.135601
-4.869610,-0.080948,0.463191,0.343820,-0.161411,-0.159153,-0.046552,-0.093515,-0.495100,-0.338523,-0.054638,0.084729
-4.605811,-0.257580,0.366866,0.005339,-0.201782,-0.227913,-0.011930,-0.105727,-0.277432,0.072656,-0.000161,0.078857
-4.281342,-0.949300,1.120667,0.277532,-0.374335,0.065835,0.114176,-0.129601,-0.377608,0.190706,0.034711,-0.007534
-3.369929,-0.681125,0.378925,-0.363819,-0.134617,-0.294818,-0.207763,-0.042734,-0.465867,-0.125792,0.060796,0.044843
-3.288673,-0.577342,0.430685,0.094713,0.166714,-0.177031,-0.173923,0.170455,-0.413961,0.177424,-0.026275,0.112522
-2.995832,-0.156776,0.999682,0.406948,0.199074,-0.648977,-0.038898,-0.225271,-0.265078,-0.170947,-0.104165,0.154929
-3.007379,-0.786832,0.416860,0.456076,0.295530,-0.216701,-0.225889,0.118717,-0.394047,0.126007,-0.178721,-0.173376
-2.280277,-0.371072,0.230587,-0.633494,-0.512439,-0.485152,-0.321223,-0.177890,-0.280562,0.102296,-0.249888,0.348204
-2.402029,-0.717043,0.712636,-0.096553,-0.044858,-0.214318,0.011031,-0.283956,-0.357773,0.194894,-0.175014,0.185532
-2.201586,-0.896978,0.949368,0.509221,0.220350,-0.313121,-0.384196,-0.528010,-0.322845,0.056645,-0.086873,0.013352
-1.535970,-1.042295,0.491046,0.194459,-0.296317,-0.371699,-0.283309,-0.219069,-0.297473,0.018755,0.025485,0.279446
-1.949370,-1.623104,0.066363,0.477789,0.367631,-0.007508,0.002125,-0.272578,-0.359380,0.171907,-0.063854,0.215358
-0.352562,-0.640792,-0.122709,-0.133230,-0.259407,-0.490456,0.004009,0.034806,-0.694972,-0.125718,-0.190203,0.333621
-0.073781,-0.352618,0.802095,0.312860,-0.023097,-0.272449,0.037632,0.195008,-0.439749,-0.175674,-0.481005,0.213779
-0.372450,-0.733072,0.292324,0.600866,0.136727,-0.012743,-0.230904,-0.171312,-0.488674,0.040202,0.178220,0.124888
0.366426,-0.945941,0.001089,0.264196,-0.083375,-0.209290,0.396653,0.298591,-0.079684,0.099818,-0.106658,-0.082596
0.788374,-0.565872,0.174835,0.184684,0.178974,-0.270926,-0.581120,0.025064,-0.365430,-0.051545,0.076705,0.045788
0.832827,-0.651422,-0.007354,-0.148837,-0.047286,-0.669643,-0.126469,-0.155788,-0.299660,-0.290075,0.067336,-0.249919        
1.625285,-0.542827,0.159063,-0.396077,0.171375,-0.050927,-0.002021,0.011726,-0.499656,-0.226924,-0.171593,-0.177041
1.337367,-0.886924,-0.198775,-0.399762,-0.079864,-0.381913,0.197020,0.209311,-0.355753,-0.284198,-0.199833,0.138791
1.741558,-0.849314,0.629579,0.124229,-0.161120,-0.492113,-0.279470,0.329736,-0.397623,-0.032439,-0.022398,0.267882
1.703389,-0.905704,0.242011,-0.502132,0.191991,0.143904,0.357044,0.489695,-0.296309,-0.329825,0.063149,0.006678
1.632410,-0.909001,0.135971,0.088153,0.507192,0.015475,0.000267,0.114854,-0.464811,-0.324959,-0.308796,-0.170720
1.624977,-1.061409,0.174574,0.042025,-0.392118,0.006077,0.028297,0.083123,-0.060555,0.106048,-0.134262,0.010371
1.149731,-0.569391,0.239867,0.213979,0.129840,-0.428335,-0.127392,0.148155,-0.359492,0.318130,0.030067,0.305553
1.536908,-0.607123,0.421912,-0.063048,-0.190600,-0.071122,-0.235146,0.112086,-0.278686,-0.082895,-0.032708,0.106215