-0.248288,0.248139,1.134529,0.090995,0.275852,-0.391126,0.129512,0.332183,-0.073566,-0.022602,0.068940,0.024910
-0.116166,-0.458649,0.919752,-0.282321,0.118767,-0.397963,-0.066350,-0.190883,-0.194360,-0.284349,-0.092629,0.347788
0.437492,-0.316301,0.784619,0.144234,-0.097860,0.021924,0.202387,-0.169461,-0.363360,0.100895,-0.180872,-0.260678
0.025373,-0.800553,0.255210,-0.320313,0.103981,0.169306,0.399402,0.234999,-0.069913,0.070335,-0.179780,-0.074234
0.758599,-1.199828,0.356092,0.063611,-0.184043,-0.052759,-0.164685,0.358205,-0.107259,-0.507136,-0.124072,-0.130001
0.512798,-1.706135,0.029911,-0.330149,-0.896506,-0.208666,0.081526,0.233326,-0.156207,0.185525,-0.144206,0.052909
1.666265,-0.418328,0.269988,-0.019395,-0.024349,-0.490839,-0.298369,-0.067460,-0.269607,0.205582,-0.173585,-0.242091
1.703238,-0.433219,0.292939,-0.044177,-0.409538,-0.750455,-0.311867,0.302079,-0.225790,-0.046081,-0.301622,0.201105
1.878890,-0.585924,0.729579,0.262430,-0.555315,-0.830000,-0.241560,0.140977,-0.277804,0.081819,0.039031,0.087717
1.680228,-0.258199,0.918283,0.244011,0.216554,-0.746608,-0.085442,0.107317,-0.127868,0.017201,-0.300833,0.042382
2.341441,-0.578056,0.475874,-0.038808,-0.139585,-0.455828,-0.362008,0.089366,-0.138602,-0.198714,0.235711,0.176035
1.743402,-0.382289,0.586157,-0.038585,-0.203295,-0.327576,-0.672686,-0.499416,0.025044,0.063314,0.130127,0.143793
1.830154,-0.537127,0.568830,0.225128,-0.239144,-0.281429,-0.112483,-0.163514,0.125629,-0.016239,-0.029877,0.046246
1.724415,-0.687571,0.522128,0.526047,0.121597,-0.099328,0.095492,-0.233158,-0.555409,-0.203448,0.191548,0.219801
6.507838,2.311781,1.167181,0.263590,-0.000831,-0.272676,-0.231869,0.093940,-0.117101,-0.132115,0.148845,-0.072247
4.219290,3.338589,1.970169,0.825465,0.345681,-0.025649,-0.000334,-0.058242,-0.216489,-0.230278,-0.046464,0.059765
5.677847,3.132318,1.345332,0.398557,-0.173122,-0.364757,-0.040278,0.251234,-0.250121,0.096989,-0.155047,0.345498
6.814118,2.644954,1.081418,0.100804,-0.527978,-0.504356,-0.256000,-0.053474,-0.148990,-0.123942,-0.008753,-0.182355
7.481771,2.821120,0.800346,0.044493,-0.402831,0.084979,-0.005185,0.135338,-0.475887,-0.331742,-0.072191,0.107321
8.274739,2.217635,0.111627,-0.294124,-0.019129,0.457523,0.578136,0.259095,-0.371412,-0.348152,-0.336127,-0.255846
7.668088,2.155600,-0.170996,-0.391592,-0.097407,0.166907,0.288997,-0.310906,0.108617,-0.309105,0.072121,0.001702
2.541975,2.464683,0.042677,-0.386238,-0.323199,0.578989,0.354809,-0.033851,-0.587568,-0.332303,-0.201834,-0.004250
-0.456350,2.042587,0.119674,-1.057696,-0.800613,-0.203702,0.238033,-0.008190,-0.031619,-0.303913,-0.114057,0.199338
-2.908694,1.002510,-0.292588,-1.018489,-0.511401,0.269755,0.058655,0.125093,-0.616372,-0.169766,-0.444152,0.061819
-3.329001,1.118968,-0.083729,-0.600420,0.081313,0.335514,0.010942,-0.086307,-0.314814,-0.061237,-0.315603,0.235275
-5.224931,0.175986,0.455815,-0.594372,0.041410,0.405852,0.106984,0.056196,-0.077827,-0.069727,-0.325135,0.036670
-5.557023,-0.177036,0.568633,-0.139080,-0.044114,0.108523,0.230960,0.234095,-0.231755,0.250225,0.042917,0.264770
-5.163335,0.318273,1.043963,0.476607,0.187253,-0.444481,-0.302008,0.251094,-0.168630,-0.143604,-0.099652,0.064059
-4.845451,0.137891,1.057396,0.366172,-0.099407,-0.886215,-0.540062,-0.199399,-0.384205,0.059394,0.170522,0.243879
-5.075535,-0.467858,-0.048304,-0.152667,0.265895,-0.324912,-0.126016,-0.103855,-0.547843,-0.118026,-0.485719,0.168790        
-3.392812,0.880215,0.838427,0.510326,0.497287,-0.111007,-0.316769,0.089476,-0.248552,0.085223,0.027475,0.044687
-3.533847,0.232781,0.773249,-0.074422,0.210949,-0.014152,0.087478,-0.128517,-0.415736,-0.041704,-0.107019,-0.033148
-3.852204,-0.184713,0.321868,-0.474201,-0.024064,-0.255304,-0.304724,-0.006379,-0.587841,0.297068,0.014982,0.305554
-3.909446,-0.796715,0.395639,-0.477357,-0.504579,-0.116596,0.380718,0.050998,-0.437916,-0.294997,-0.049595,0.153029
-2.079713,0.390949,0.731895,-0.235044,-0.330188,-0.805304,-0.200533,-0.126732,-0.391004,0.062634,0.079116,0.225063
-1.361849,0.655726,1.420229,0.343511,0.089184,-0.316384,-0.132409,-0.076436,-0.545131,0.163978,-0.137296,0.037362
-1.202709,0.005866,0.487814,-0.322382,0.148138,-0.186318,0.027680,0.267330,-0.453581,-0.269890,-0.174730,0.104528
-1.499053,-0.267833,0.610451,0.006882,0.191776,-0.099477,-0.187091,0.327071,-0.456973,-0.215423,-0.276152,0.044629
-1.126187,0.406897,0.624015,0.430876,-0.099557,-0.333652,-0.279090,0.259529,-0.330476,-0.165214,-0.204749,0.098905
-0.875071,-0.137257,0.776648,0.585475,0.260526,-0.012206,-0.135675,0.229895,0.174666,0.183844,-0.155435,-0.026052
-1.287188,-1.251273,0.237661,0.014290,0.024119,-0.178889,-0.294393,-0.182107,-0.455811,-0.144743,-0.144595,0.279471
0.319839,0.005457,0.707464,0.411336,0.142369,-0.106424,-0.172751,0.017073,-0.179181,-0.172712,-0.072561,0.041174
-0.172015,-0.751413,-0.097174,-0.393895,-0.870308,-0.898180,-0.399987,0.103571,-0.280573,-0.428657,-0.162625,-0.032387       
0.609709,-0.816322,0.081903,-0.066966,-0.500824,-0.781038,-0.572715,-0.229603,-0.551694,-0.207722,-0.247376,-0.120880        
0.697179,-0.507693,0.508532,-0.449721,-0.281433,-0.390661,-0.274113,-0.160839,-0.211152,-0.207247,-0.115992,0.099070
1.354511,-0.421603,0.464361,-0.028255,-0.225344,-0.529953,-0.319357,-0.027823,-0.305464,0.016016,-0.220533,0.047868
0.808744,-0.848751,0.493970,-0.219227,-0.383398,0.284620,-0.086517,-0.120541,-0.241798,-0.169359,-0.330836,0.207408
1.874689,-0.311580,0.619515,0.213317,0.142687,-0.451415,-0.049290,0.021417,0.083121,0.074000,-0.102287,0.181381
1.983945,-0.181061,0.120675,-0.674285,-0.481517,-0.095285,0.286458,0.379769,-0.117126,0.014532,-0.013961,0.216978
2.240544,-0.322878,0.586766,-0.485461,0.005632,-0.253510,-0.140284,-0.277862,-0.508685,-0.248002,-0.332536,0.046731