-0.917213,0.678762,0.628474,0.193153,0.024400,-0.061717,0.237656,0.425304,0.057075,-0.340973,-0.195258,0.013164
-1.056101,-0.257131,0.455910,0.136326,0.287044,0.205726,0.364560,0.132287,-0.145758,-0.257973,-0.365870,-0.148783
-0.789557,-0.349500,1.052087,0.153619,-0.110526,-0.200571,0.026546,-0.170204,-0.361120,-0.055752,-0.210990,-0.025446
-0.165839,-0.009549,0.752718,0.338499,-0.254972,-0.598984,0.002461,-0.171778,-0.186555,0.129979,0.129913,-0.173275
-0.165024,-0.248231,0.415292,0.497771,0.380645,0.126861,0.195057,0.355700,-0.047837,0.219502,-0.260470,-0.080668
0.220507,-0.111466,0.291508,-0.084482,0.006704,-0.209275,0.134459,0.197296,-0.150970,-0.082084,0.012813,-0.143302
0.532748,-0.121332,0.570138,-0.026395,-0.177896,0.095753,-0.140937,-0.018875,-0.500778,-0.058875,-0.170919,-0.319833
0.491611,-0.561705,0.731539,0.158442,0.020902,-0.191831,-0.034275,0.208337,-0.472350,0.154414,-0.216614,-0.399968
0.604037,-0.226385,0.574975,-0.178672,-0.245587,0.014836,0.127177,-0.035887,-0.255573,0.255749,-0.034084,-0.236306
1.177429,0.171718,0.399795,-0.075912,0.169884,-0.062027,-0.308199,0.292162,-0.203510,-0.035713,-0.332445,-0.231590
1.092265,-0.284183,0.386206,-0.121412,-0.468872,-0.476304,-0.510424,-0.095378,-0.188811,-0.242171,0.227543,0.245665
2.138309,0.722079,1.157775,0.673383,-0.030384,-0.315356,-0.319745,-0.090782,-0.095878,-0.088810,0.042913,0.065297
5.245321,1.660094,1.561247,0.531700,0.363927,0.355746,0.100956,0.125508,-0.390462,-0.033935,-0.213561,-0.032171
7.938369,2.644682,1.065895,0.151494,-0.229689,-0.432229,-0.089428,0.190758,-0.169450,-0.070351,-0.083037,0.033617
7.439450,2.786477,1.168420,0.775573,-0.377371,-0.641869,-0.063137,0.053996,-0.434560,0.038041,-0.100782,0.004992
9.092067,1.848871,0.587389,-0.157436,-0.097418,0.060178,0.030719,0.066816,0.110667,0.104328,-0.003387,-0.031658
8.676318,1.944916,0.627281,-0.041916,0.075163,0.080138,-0.024298,-0.226418,-0.153025,-0.145060,-0.109256,-0.003168
7.386058,1.821226,0.458783,-0.263105,-0.021035,0.155184,0.227225,0.031477,-0.340535,-0.290001,-0.014008,0.114560
3.945760,2.443901,0.820048,-0.402691,-0.456412,-0.014372,0.301618,0.032457,-0.479167,-0.398389,0.309827,-0.068071
-1.982490,2.538669,0.631951,-0.168616,-0.433355,-0.383269,-0.395834,-0.486881,-0.660689,-0.202661,0.026054,0.277552
-2.510839,1.962013,0.966305,-0.706371,-0.358237,-0.399408,-0.394109,-0.275215,-0.451608,-0.242408,-0.077552,0.032767
-5.337613,1.143258,0.591493,-0.000811,0.095732,-0.104524,-0.111778,-0.235322,-0.344910,-0.004335,0.146571,0.426753
-5.683711,0.363622,0.934650,0.232018,-0.064862,-0.023276,0.005076,0.086403,-0.290130,0.146978,-0.052347,0.008819
-4.694577,1.040303,1.029509,0.318278,0.080798,-0.126101,0.081890,-0.209408,-0.375688,-0.245401,-0.130900,-0.028939
-4.165677,0.834266,1.045769,0.768636,-0.160432,-0.208150,-0.169377,-0.146091,-0.400647,0.162849,-0.070432,0.062248
-4.315600,0.685817,0.653067,0.493944,0.143269,0.063399,-0.165235,-0.122244,-0.512752,0.070917,0.077264,0.214574
-4.104014,1.014057,1.024791,0.582564,-0.274656,-0.431709,-0.028805,-0.145468,-0.478658,0.035292,-0.258290,0.198019
-4.004231,0.973390,1.260291,0.239586,-0.496111,-0.838281,-0.118204,-0.061772,-0.404610,0.049373,-0.295735,0.118068
-3.938779,0.537505,1.118085,0.373474,-0.131801,-0.814853,-0.363230,-0.222031,-0.236373,-0.251655,-0.177540,0.281389
-3.450714,1.021493,1.189985,0.627546,0.060424,-0.192217,-0.107851,0.056751,-0.352248,0.112778,-0.100096,0.590050
-3.318996,0.396391,1.419486,0.669817,0.018130,-0.234335,-0.036262,-0.231657,-0.496180,0.256496,-0.031522,0.107007
-3.113967,0.049170,1.055700,0.559100,0.055327,0.017252,0.341892,-0.000157,-0.508882,-0.153598,-0.698792,-0.106482
-3.157619,-0.112080,1.159621,0.339262,0.347927,-0.068262,0.189906,0.296084,-0.624695,-0.144047,-0.490511,0.197319
-2.337406,0.099711,1.268823,0.158245,-0.140159,-0.055993,-0.163564,0.087337,-0.228120,0.235260,0.388855,0.083831
-2.557019,0.055061,1.099245,0.179611,-0.149048,0.248983,0.358585,-0.333759,-0.226388,0.259315,-0.211446,0.105540
-1.931729,-0.050050,0.710811,0.506214,0.032638,-0.262107,-0.135645,-0.376529,-0.262652,0.090144,-0.204022,0.052549
-2.771250,-0.091752,1.084492,0.162669,-0.224112,-0.247297,0.096467,0.025890,-0.337803,-0.199137,0.109652,0.343734
-1.713357,-0.114516,0.819398,0.160010,-0.354957,-0.082918,0.277064,0.317289,-0.406605,-0.271849,-0.277558,-0.061742
-0.795602,0.114799,0.445969,0.407143,-0.010328,-0.192698,0.090879,0.249552,-0.369180,0.090996,0.078335,0.132349
-0.739839,-0.503401,0.531891,0.465737,-0.290686,-0.383080,-0.119533,0.069649,-0.426648,0.084508,-0.015639,0.096875
-0.302342,-0.214616,0.708697,-0.342870,-0.347218,-0.611836,0.179093,-0.077822,-0.057277,0.423149,-0.030627,-0.101849
0.119134,-0.265985,0.618207,0.264200,0.409512,0.110283,-0.019014,-0.148103,-0.181220,0.214518,-0.091806,-0.077543
0.127551,-0.042926,0.379758,0.398773,-0.216258,-0.070660,-0.507987,0.317710,-0.091005,-0.497194,-0.301160,-0.128563
0.278386,-0.708616,0.735069,0.046824,0.033364,0.042013,0.105759,0.611805,-0.098275,-0.303270,-0.087026,-0.136785
-0.071870,-1.217554,0.584279,0.194845,-0.312706,-0.642949,-0.090760,-0.574692,-0.335750,-0.090048,-0.102161,-0.005943        
0.456146,-0.375141,0.613726,0.364108,-0.175163,-0.056623,0.195862,-0.308854,-0.047251,0.405459,-0.142463,-0.193733
0.364335,-1.066591,0.275096,0.461747,0.090147,0.253993,0.310676,0.174994,0.067864,-0.286234,-0.316414,-0.055821
0.692457,-0.571926,0.828615,0.155855,0.015810,-0.118618,-0.204337,0.394232,-0.260881,-0.008091,-0.083572,0.041569
0.813612,-0.638688,0.165861,0.012229,-0.430912,-0.122942,-0.159807,-0.131197,-0.401112,0.285318,0.151135,0.054239
0.754478,-1.159322,-0.042906,0.020809,-0.369999,-0.136523,0.122696,-0.058472,-0.264004,0.373275,0.139176,-0.028286