-0.942953,0.366434,1.086499,0.315985,0.319943,-0.033265,-0.028945,-0.087102,-0.197893,0.015193,0.008644,0.094324
-0.974222,-0.388677,0.588725,0.207487,-0.830145,-0.653671,0.233494,-0.323527,-0.603330,0.099129,-0.073355,0.153509
-0.187094,-0.171811,0.831848,0.560352,0.197064,-0.250530,-0.131716,-0.016379,-0.095496,-0.010531,-0.009849,-0.050732
-0.180214,-0.619354,0.361183,0.340270,0.419721,-0.230138,-0.223874,-0.154073,-0.379467,0.053048,0.141782,-0.050260
0.863580,0.253260,0.801358,0.473437,-0.273814,-0.339486,0.068608,0.180316,-0.044430,0.148625,-0.137221,-0.049507
0.335218,-0.819428,0.225916,-0.841797,-0.085319,-0.374713,0.324722,0.117694,-0.433038,-0.047609,-0.101058,0.147850
1.020713,-0.192704,0.628796,0.200869,0.156586,0.081451,0.216750,0.203311,-0.250445,-0.164428,-0.242366,0.136287
0.886344,-0.248724,0.711125,0.389390,-0.447958,-0.147902,-0.128412,-0.347844,-0.469451,0.160954,-0.097515,0.339349
4.973363,3.151475,1.880052,0.696581,0.173662,0.079913,0.025241,0.056646,-0.193314,-0.012462,-0.170175,-0.007513
8.180571,2.180708,0.826229,0.349607,0.544149,-0.245135,0.178082,-0.003692,-0.309249,-0.056860,-0.293904,-0.045088
7.732459,2.669878,0.916934,0.285872,-0.212807,-0.432413,-0.321697,-0.037909,-0.139068,0.138178,0.024786,0.000824
8.720058,1.718160,0.927671,0.452002,0.252533,0.123454,-0.017866,-0.170121,-0.184782,-0.235928,-0.097795,0.034280
7.366462,2.729245,0.506205,-0.000832,0.212466,0.211393,0.243591,0.106756,-0.463346,-0.298858,-0.142997,0.045100
6.128752,3.180191,0.083282,-0.497770,0.135814,0.397838,0.272215,-0.022050,-0.521183,-0.299785,-0.036987,0.304519
5.419650,1.220895,-0.466237,-0.836286,-0.184487,0.048879,-0.095554,-0.422817,-0.451590,-0.216035,-0.064695,0.040567
-1.565548,2.457301,0.138723,-0.181680,0.000366,0.280612,-0.000604,-0.053827,-0.569953,-0.200204,-0.075653,0.082760
-3.139721,1.908767,0.334116,-0.950606,-0.537179,0.337415,-0.013095,-0.293497,-0.572310,-0.127450,-0.068344,0.126364
-5.005540,1.488120,0.203587,-0.877614,-0.477573,-0.072996,-0.590808,-0.570574,-0.639065,-0.259222,0.044818,0.262489
-5.142256,0.709710,0.517980,-0.422235,-0.856659,-0.121833,-0.154498,-0.203918,-0.483584,-0.084394,-0.089687,0.271601
-5.519205,0.273075,0.513867,0.318100,0.388778,0.425350,0.255588,0.134727,-0.045086,-0.069344,-0.058368,0.025768
-5.512033,0.250416,1.131329,0.648586,0.343666,-0.120655,-0.313699,-0.068909,-0.503030,0.364100,0.272508,0.347912
-4.955987,0.151760,1.202444,0.658582,-0.161380,-0.182457,-0.304413,0.049095,-0.047289,-0.042310,-0.162142,0.068985
-5.793987,-0.340366,1.107960,0.126839,-0.053580,0.213433,-0.048166,0.306491,-0.353200,-0.051946,0.196930,0.307174
-5.400187,0.051433,0.819620,0.266471,0.044208,0.030833,-0.353574,0.038193,0.276862,0.311802,-0.075865,-0.063948
-5.544941,0.081762,1.015874,0.152928,-0.103567,0.138975,0.052327,-0.143658,-0.257622,-0.174196,0.090154,0.015303
-4.603734,-0.459736,0.817006,-0.208949,-0.201285,-0.383720,-0.285776,0.276002,-0.050982,-0.086539,-0.231834,0.039710
-3.992570,-0.224530,0.151436,0.050974,-0.310369,-0.627884,-0.015800,-0.159379,-0.468759,0.053861,-0.163679,0.206330
-3.712533,-0.570001,0.380660,0.324182,-0.059615,0.031245,-0.175300,-0.159867,-0.437021,-0.097835,-0.035979,-0.041519
-3.557608,-0.187843,0.551465,0.059001,-0.322002,0.212434,0.223340,0.012885,-0.239450,-0.121601,-0.295987,-0.269163
-2.601587,0.110499,0.639212,0.168495,0.196740,0.012997,-0.134750,0.213610,-0.170546,-0.045577,0.028988,-0.145412
-3.041549,-0.042686,0.194041,-0.164293,-0.009415,-0.161688,-0.314686,0.065158,-0.448606,-0.493718,-0.115586,0.081927
-2.230406,-0.485586,-0.270062,-0.066260,-0.013105,-0.332263,-0.263022,0.049643,-0.206434,0.023999,0.017641,-0.058426
-1.947184,0.123722,0.591683,0.407306,0.268480,-0.335289,-0.284424,0.248337,-0.272581,0.316572,0.068620,0.278802
-2.094971,-0.421584,0.768094,0.218623,-0.055324,0.215263,0.265404,0.296287,0.145562,0.381650,0.222994,0.186908
-1.436068,-0.334891,0.270259,-0.431030,0.033624,-0.369236,-0.032493,0.130823,-0.377760,0.010953,-0.207103,0.021826
-0.639285,-0.429881,0.696764,0.422548,0.426150,-0.079852,-0.367938,-0.083114,-0.250279,0.012114,-0.086777,0.057027
-0.140933,-0.439005,0.360514,0.123174,-0.198969,-0.323743,0.131236,0.207989,-0.181038,0.191490,-0.056796,-0.055693
-0.009787,-0.012813,1.053458,0.657921,0.037695,-0.324901,-0.491682,0.201575,-0.213458,0.238252,0.060201,0.091742
0.092688,-0.398818,0.229728,0.207201,-0.150164,0.278180,-0.065181,-0.198437,-0.342467,-0.197791,-0.185972,0.296805
0.313208,-0.577967,0.481226,0.232758,-0.157793,0.069858,0.301708,0.159591,-0.184906,-0.141040,0.242206,0.344737
0.528399,-0.482467,0.737230,0.194137,-0.129907,-0.321435,0.112407,0.114956,-0.046449,-0.085462,-0.267515,0.071819
0.640784,-0.240709,0.283357,-0.192468,-0.145708,-0.233180,-0.399703,0.016514,-0.402073,0.008211,0.103951,0.013466
0.667654,-0.123239,0.540630,0.292513,-0.281694,-0.235406,0.136033,0.062997,-0.377131,0.367816,-0.242660,-0.024565
0.904937,0.009097,0.182503,0.036378,-0.197964,-0.354131,0.042752,0.031977,-0.297997,0.290525,0.007226,0.029282
0.558352,-0.644236,0.130681,0.152619,-0.269077,-0.158917,0.180660,0.034913,-0.302885,-0.128448,-0.094337,0.121813
0.166534,-0.703220,-0.041723,-0.170038,-0.428405,-0.268370,-0.169527,-0.018823,-0.355281,-0.252629,-0.300449,-0.074208       
0.731057,-0.432890,0.596130,0.080992,-0.332563,0.002808,-0.114474,-0.255270,-0.484312,-0.208863,-0.173841,0.210151
0.375137,-0.568385,0.397470,0.238489,-0.176283,-0.378385,-0.121989,-0.241468,-0.165623,-0.011073,-0.078288,0.342162
1.077124,-0.325235,0.138984,0.201884,-0.258476,-0.444426,0.021717,0.022857,0.094180,0.013848,-0.029019,0.005911
0.884635,0.130145,0.717911,0.505404,0.145964,0.003153,0.155872,0.002644,-0.124743,-0.002616,0.090118,-0.012652