-0.236876,-0.168349,0.638787,0.575475,0.084159,0.037414,-0.215214,0.452449,0.254837,0.531487,-0.032512,-0.049051
-0.141187,-0.525368,-0.142963,-0.291179,-0.450710,-0.332580,0.043767,0.144201,-0.406740,-0.140438,-0.379195,-0.155307        
0.209838,-0.324644,0.470512,0.078337,-0.088437,-0.022185,0.140322,0.051020,-0.497549,-0.080819,-0.015174,-0.034554
1.253440,-0.074822,0.671390,0.300966,0.043591,-0.107092,-0.036109,0.154610,-0.050383,-0.076155,-0.310655,-0.142977
0.391024,-0.869554,0.481259,-0.199036,0.086749,-0.026708,-0.250379,-0.184415,-0.141651,-0.053069,-0.057435,0.192720
0.709084,-0.524390,0.647880,0.422130,-0.036073,-0.426442,0.344770,0.016024,-0.361682,-0.029248,-0.195914,0.051528
1.280363,-1.042146,0.396730,0.025853,-0.207860,-0.284316,-0.170937,-0.097236,-0.552979,-0.302478,-0.451108,0.010020
1.599441,-0.591391,0.523743,0.323869,0.150365,-0.028299,0.694226,0.014182,-0.306116,0.105127,-0.038006,-0.183568
1.719267,-0.327816,0.653085,0.165219,0.055792,-0.282205,0.204775,-0.032977,-0.519580,0.033738,-0.117446,-0.034818
1.181421,-0.497826,0.371190,0.037709,-0.366645,-0.372584,-0.240229,0.118255,0.163088,-0.030065,-0.403826,0.121559
1.322328,-0.901978,0.495801,-0.101146,-0.047427,-0.233210,0.036453,-0.242178,-0.455485,-0.068761,-0.038222,0.316477
1.181109,-0.111601,0.548221,0.352311,-0.117279,-0.428279,-0.023183,-0.230491,-0.807901,0.034328,0.093070,-0.068631
1.353465,-0.551405,0.613379,0.596216,0.405658,-0.352131,-0.156616,-0.182487,-0.434071,0.229435,0.108950,0.091731
1.550207,-1.014146,0.374349,-0.041315,-0.378385,-0.658998,0.212229,-0.074236,-0.290740,-0.013277,-0.124664,0.072861
1.802230,-0.402235,0.809206,0.352398,0.272094,-0.097371,-0.194939,-0.220698,-0.612980,-0.054659,-0.080714,-0.024412
6.297346,2.577294,1.832813,0.751743,0.418154,-0.022315,-0.216766,-0.096997,-0.000056,-0.175959,-0.193328,0.102157
5.278136,3.275975,1.755145,0.563129,0.121534,-0.156504,-0.100797,-0.038156,-0.007664,-0.053863,-0.156129,0.046271
6.769711,2.796423,1.164298,0.355103,-0.098064,-0.268892,-0.223892,-0.103865,0.171362,-0.010255,-0.063302,-0.121490
5.810438,2.986031,1.159156,0.315599,-0.098307,-0.181766,0.023585,-0.132640,-0.142912,-0.050579,0.138843,0.004048
5.744098,2.910161,0.831573,0.251398,0.040094,0.417553,0.373682,0.186315,-0.588586,-0.155061,-0.090155,-0.001488
6.533751,2.428460,0.712017,-0.123074,-0.061352,0.467254,0.419799,0.013840,-0.431781,-0.432556,-0.083106,0.146184
6.355652,2.409450,0.173975,-0.135804,0.129148,0.478724,0.301444,-0.081239,-0.424415,-0.258585,-0.093234,0.049635
6.190857,1.454270,-0.214651,-0.363884,0.147265,0.475822,0.598567,-0.051483,-0.307386,-0.220554,-0.361452,-0.110178
0.467355,1.767150,-0.554399,-0.981654,-0.498836,0.080035,0.364585,0.100481,-0.447465,-0.187167,-0.160964,0.099655
-2.808780,1.380998,0.169040,-0.780524,-0.583089,-0.376128,0.059941,0.146776,-0.248485,-0.043802,-0.128674,0.238490
-3.804606,0.209117,0.114490,-0.452073,-0.102721,0.442133,0.233187,-0.140330,-0.158743,0.044034,-0.170795,0.214077
-3.389085,0.355831,0.320295,-0.172574,0.116342,0.161402,0.114217,-0.332669,-0.618674,-0.065005,-0.058166,0.110251
-4.815340,0.021638,0.802052,0.208847,0.213014,-0.155953,0.031013,-0.028245,-0.366950,-0.089174,-0.134243,-0.085673
-4.321850,-0.369569,1.004306,0.213398,0.113860,0.047378,0.076897,0.236854,-0.161271,0.040944,-0.465114,0.059307
-3.292124,-0.190152,0.950971,0.235393,0.159972,-0.199229,-0.034919,-0.101536,-0.103417,0.040941,0.139454,0.282259
-3.507884,-0.193094,0.686410,0.123126,0.237900,-0.250762,0.008609,-0.094763,-0.231187,0.179472,0.370981,0.130718
-3.289387,-0.152732,0.498405,-0.331952,-0.173492,0.186732,-0.130997,-0.213845,-0.474208,-0.388963,0.182379,0.194945
-2.244810,0.242953,0.268643,0.156748,0.181299,-0.393645,-0.248357,-0.192534,-0.367664,0.019671,-0.100641,0.275463
-2.107177,-0.344125,0.540497,0.115104,-0.331775,-0.256700,0.325594,-0.005145,-0.403616,0.242550,0.004896,0.171256
-2.254641,-0.854819,-0.048961,0.073808,0.011473,-0.066193,-0.144924,-0.274198,-0.453964,-0.121131,-0.156192,0.071220
-2.335300,-0.672180,0.857857,0.202177,0.058395,-0.046620,-0.026849,0.019246,-0.301262,-0.173156,-0.047882,0.189166
-2.022051,-0.576888,0.486811,0.204174,0.096512,-0.504619,-0.397596,-0.644365,-0.230520,-0.135807,-0.082850,-0.281642
-0.883246,-0.139999,0.849579,0.040718,0.173696,-0.066161,-0.124603,-0.215210,-0.226514,0.058166,-0.211191,0.220676
-0.830610,0.252477,0.696926,-0.307899,0.223777,-0.163987,-0.083759,0.045799,-0.090761,0.087867,-0.292269,0.025345
-0.455122,-0.936916,0.192153,-0.255439,-0.385091,-0.375438,0.279327,0.128674,-0.548453,-0.051985,-0.159450,-0.013248
-0.885334,-0.184496,0.397233,-0.003464,-0.378506,0.054953,0.127227,-0.205285,-0.692892,-0.259179,0.018141,0.290412
0.095786,-0.469845,0.220901,0.502158,0.038803,-0.320106,-0.201096,-0.150589,0.036931,0.072607,-0.085467,0.180821
0.358846,-1.101631,0.276412,0.728657,0.477818,0.188592,0.274390,0.076081,-0.555531,-0.135733,-0.182139,0.058393
0.513221,-1.041404,-0.244383,-0.092880,0.175583,0.255623,0.287393,0.553872,-0.418978,0.018902,-0.081764,0.143367
1.258232,-0.671189,0.465729,0.704081,-0.153735,-0.373671,-0.241772,-0.293178,-0.296376,-0.178352,-0.146012,-0.088871
1.656380,-0.284468,0.374861,0.368657,-0.070096,-0.432588,0.071881,0.149392,-0.194175,-0.136984,-0.112747,0.073210
1.207091,-0.780386,0.593815,-0.207504,-0.470980,-0.675862,-0.137902,0.269774,-0.117456,-0.102966,0.117888,0.208608
1.700335,-0.756237,0.060720,0.310329,-0.145160,-0.234552,-0.028248,0.078997,0.061180,0.314635,-0.211446,-0.093834
0.995643,-1.202309,0.024302,0.000823,0.069275,-0.195094,-0.007445,-0.210274,-0.040156,0.221442,-0.376511,-0.055286
1.325889,-0.883730,0.032126,-0.072823,-0.384454,-0.816794,-0.548113,-0.459589,-0.441037,-0.203882,-0.458437,-0.075380