-1.059741,-0.864642,1.291342,0.381400,-0.006394,-0.177263,0.357959,0.307337,-0.323285,0.185215,-0.201474,0.085739
-0.796222,-1.056295,1.225924,0.355022,0.010381,0.000974,0.471991,0.492972,-0.344850,0.228946,-0.146279,0.020645
-1.188818,-1.910374,0.345246,0.027812,0.151624,-0.149084,-0.042224,0.246426,-0.564872,-0.442641,-0.405270,-0.013176
-0.623460,-1.202099,1.301830,0.397760,0.158090,-0.001040,-0.214780,0.296662,-0.091942,-0.038886,-0.530237,-0.075657
-0.334986,-1.088252,0.698031,0.326163,0.331953,0.207640,0.328725,0.343651,-0.524289,-0.132903,-0.173233,-0.199248
-0.505439,-1.189879,0.823495,-0.259536,-0.250441,-0.038001,-0.102047,-0.029296,-0.556175,0.035363,-0.200529,0.240632
0.579119,-0.534269,0.736035,0.208949,0.131458,0.316783,-0.027669,0.315316,-0.486595,0.094185,-0.085436,-0.110900
0.115253,-0.698826,0.673653,0.348860,0.138022,0.352348,0.165170,0.159481,-0.315532,0.024654,0.186605,0.165889
1.083062,-0.729208,0.682657,-0.220670,-0.353244,-0.329705,-0.572351,0.078080,-0.110360,0.019558,-0.045690,0.354259
1.213288,-0.789233,1.069407,-0.025475,-0.163510,-0.289973,-0.137029,0.205751,-0.118643,-0.130807,-0.045648,0.253747
0.930626,-0.960299,0.865611,-0.242719,0.306037,-0.033135,0.137192,0.565029,-0.323662,0.007274,-0.090122,0.166842
1.081098,-1.181132,0.486739,-0.195592,0.075453,-0.628433,-0.319350,0.157331,-0.561453,0.136495,-0.094521,-0.125561
2.052184,-0.198188,1.559693,1.003615,0.528728,0.319816,0.068073,-0.073829,-0.538554,0.076398,-0.169093,-0.045831
5.850201,2.466132,1.655698,0.987185,0.591277,0.318951,-0.034332,-0.178270,-0.483035,-0.175753,-0.144202,0.052039
5.052138,2.930382,2.171756,0.919642,-0.003271,-0.124056,0.074206,0.318384,-0.567438,-0.236615,-0.218855,-0.154884
2.770009,3.483481,2.792664,1.034173,0.478516,-0.313731,-0.405881,0.023864,-0.364412,0.007948,-0.232864,0.059098
2.811402,2.498661,2.397309,1.450639,0.450818,-0.421742,-0.205708,0.142411,-0.477231,-0.104946,0.051743,0.072143
5.699199,2.400441,0.552246,1.668836,-0.284114,-1.138036,0.047448,0.018714,-0.134251,0.032856,-0.226370,0.223545
6.065852,2.850849,0.289301,1.984997,-0.303155,-1.049407,-0.160703,0.288482,-0.112792,0.086388,-0.171141,0.382407
5.994719,2.984976,0.263027,1.480154,0.319646,-0.835243,-0.013350,0.477544,-0.488450,-0.067243,-0.378652,0.105141
5.865489,2.563295,0.519564,2.199529,0.176569,-0.919728,-0.025904,0.658900,-0.567242,-0.225773,-0.426625,-0.092020
6.074037,2.364558,0.309084,2.047428,0.031147,-1.039899,-0.060241,0.587307,-0.427368,-0.009390,0.085378,-0.159504
6.695418,2.653266,0.354692,1.051900,-0.138692,-0.790296,-0.179155,0.512486,-0.448758,-0.024602,0.202930,0.139889
6.483779,3.035324,0.630797,0.513264,-0.189117,0.005689,-0.422211,0.107123,-0.410941,0.224192,0.143037,0.389712
5.745121,2.919012,1.016258,-0.185299,-0.112464,0.097113,-0.147644,-0.367840,-0.311544,0.342668,0.177764,0.388813
4.845752,2.946382,0.905920,-0.462754,-0.192016,-0.097994,0.331702,-0.210316,-0.235735,-0.138690,-0.040340,0.419191
3.475520,2.697241,1.306553,0.113883,0.048465,-0.196099,0.353976,-0.352737,-0.610766,0.059658,-0.124591,0.420926
1.742414,2.524477,0.591525,-0.337070,0.141388,-0.046062,0.279823,-0.028307,-0.881894,0.046256,-0.049534,0.408843
1.071299,2.080961,-0.052060,-0.170243,-0.323028,0.200753,0.022083,0.224508,-0.547698,0.277274,0.045922,0.307049
-2.137816,0.782268,0.856350,-0.581500,-0.189896,-0.223824,-0.194838,0.602193,-0.683358,-0.103926,-0.072586,0.221217
-3.175099,-0.370844,0.691099,0.061135,-0.058557,-0.402150,-0.414953,-0.252707,-0.882819,-0.043064,-0.694387,-0.077887
-3.018908,0.286185,0.853548,-0.468906,-0.390635,-0.407882,-0.238391,0.619258,-0.253736,0.202668,-0.326638,-0.086712
-4.588695,-0.295848,0.963950,-0.699570,-0.614243,-0.101854,-0.657097,0.324286,-0.282756,0.285369,-0.364770,0.328603
-5.112086,-0.633234,1.257315,-0.047155,0.599204,0.259751,0.372580,0.431366,-0.702230,0.241701,-0.372582,0.482858
-4.920033,-0.943818,1.403234,-0.196421,-0.272999,0.182718,0.074228,0.560357,-0.313162,0.515994,0.065441,0.239982
-5.174120,-1.047774,1.327897,-0.093057,-0.164533,0.118873,-0.054842,0.263037,-0.422722,0.229979,-0.315975,0.341193
-4.880888,-0.859940,1.521929,-0.468982,0.186345,0.041212,-0.213973,0.410908,-0.526703,0.320226,-0.358601,-0.148979
-5.080282,-1.309593,1.280493,-0.013727,0.299916,0.104429,-0.083866,0.718923,0.008487,0.470196,-0.501738,0.064030
-4.523897,-1.024468,1.460489,0.291045,0.375277,0.397848,-0.149027,0.442033,-0.010100,0.224210,-0.497735,0.055815
-4.815114,-1.252230,1.524266,0.082233,-0.072030,0.098332,-0.247887,0.218604,-0.103983,0.332881,-0.276432,0.023049
-4.155918,-0.876515,1.765911,0.789608,0.297786,0.311469,0.273696,0.347691,-0.407014,0.519675,-0.139376,0.062066
-4.028927,-0.701828,1.865816,0.493795,-0.011886,-0.076191,-0.037893,0.378125,-0.547061,0.264952,-0.335066,-0.042458
-4.581887,-2.167744,0.604626,0.160393,0.446081,0.249965,0.178987,0.228355,-0.540851,-0.188455,-0.335417,0.072102
-4.276574,-2.121444,0.758998,-0.052174,-0.055264,0.109279,0.155804,0.510593,-0.327218,0.385522,-0.198662,0.157523
-3.998416,-1.482928,1.085295,0.004681,0.124381,-0.098574,0.130433,0.816372,-0.414507,0.265422,-0.243571,-0.195057
-3.970137,-1.193832,0.869842,-0.208559,-0.075949,-0.480209,0.140483,0.872780,-0.730492,0.036686,-0.043348,0.200652
-2.951392,-0.601775,1.252547,0.399072,0.170255,-0.080490,-0.050353,0.333433,-0.459179,0.245510,-0.193705,0.530924
-3.281313,-0.671534,1.810443,0.068573,0.298067,0.275984,-0.412794,0.429789,-0.232295,0.042560,-0.289853,0.227290
-3.365571,-0.417295,2.748370,0.132043,-0.363537,-0.298086,0.021786,0.208663,-0.502592,0.773675,-0.512251,-0.206704
-2.898251,-0.489169,1.607372,-0.015654,-0.535977,-0.528739,-0.108373,0.672960,0.277596,0.784009,-0.099843,0.312225