-0.500130,-1.966298,-0.055872,-0.792560,-0.681355,-0.575116,-0.290844,-0.039371,-0.319993,0.140476,-0.207559,0.249104
0.054368,-1.844538,0.051841,-0.761050,-0.658547,-0.482698,-0.023839,-0.025953,-0.347506,0.111946,-0.290363,0.208665
0.578257,-1.025128,0.456392,-0.055717,-0.757619,0.117507,-0.086984,-0.148464,-0.400388,0.207592,-0.300802,0.112171
0.390942,-0.992980,0.729073,0.176978,-0.292108,0.162172,-0.008528,0.291259,0.053838,0.176185,-0.125212,0.312063
0.879190,-0.583617,0.611200,-0.644362,0.056626,0.043241,-0.107467,0.198496,-0.302608,0.200897,-0.121478,0.018103
0.442939,-1.156605,0.899240,-0.162247,0.449499,0.144840,0.019575,0.143252,-0.610969,0.297729,-0.147372,-0.061935
0.787344,-1.264319,0.906787,-0.202647,-0.017405,0.511816,0.057933,-0.053289,-0.472608,0.533688,-0.017716,-0.110643
0.729914,-0.544248,1.225602,0.247410,0.108987,-0.000103,0.227759,0.373690,-0.412000,0.082052,-0.304373,-0.131662
0.728039,-0.510427,1.026245,0.015588,-0.366474,0.174377,-0.422794,0.189510,-0.347982,0.238955,-0.040379,0.033457
0.566644,-0.861923,0.643796,0.074486,-0.610250,-0.456684,-0.325324,-0.328144,-0.591984,0.305940,0.044913,0.006125
0.762482,-0.630143,0.944212,-0.047594,-0.136832,-0.210887,-0.303515,-0.152327,-0.603200,0.382138,-0.446151,-0.089775
0.791111,-1.187886,0.441957,-0.290367,-0.214931,-0.485824,-0.156278,0.129869,-0.907957,0.362243,-0.304044,0.079880
0.789737,-1.754482,0.391693,-0.265357,-0.194104,0.246681,-0.052746,0.072055,-0.272450,0.384411,-0.270869,0.087874
0.730309,-1.084645,0.652018,0.935091,0.414110,0.209149,-0.289500,-0.102725,-0.500368,0.350576,0.065109,0.193871
1.994484,-1.629932,0.783220,0.231596,-0.614118,0.153995,-0.201581,0.303878,0.069882,-0.392134,0.083739,0.069824
2.075507,-1.495434,1.016283,0.537186,-0.441568,0.083143,-0.274784,0.364526,0.324684,-0.345525,0.117629,0.090569
4.471178,1.822337,1.790092,1.038703,0.543486,0.146311,-0.282132,0.221287,-0.548525,-0.176664,-0.366833,0.039258
4.745302,2.284516,2.186103,1.392421,0.531020,0.022388,-0.318525,-0.044026,-0.661563,-0.294142,-0.294945,0.031071
6.270754,2.849614,1.387619,0.661141,0.113672,-0.080708,-0.061854,0.035572,-0.205444,-0.043188,-0.157300,-0.030926
5.153345,2.970629,1.750850,0.929249,0.357577,-0.152794,-0.215131,0.004417,-0.302578,-0.060535,-0.000232,0.068763
6.480761,2.996767,1.029122,1.475136,-0.211750,-0.631781,-0.014686,0.303556,-0.155404,-0.023299,-0.293165,0.100170
6.344776,2.751328,0.555549,2.030367,-0.531618,-1.278166,0.023194,0.230011,-0.103813,-0.035665,0.301797,0.610698
7.668716,2.222353,0.363088,0.995332,-0.080255,-0.613261,-0.251550,0.096291,-0.373496,-0.337717,0.101585,-0.009964
7.171941,2.328408,-0.172799,1.142290,-0.089193,-1.008330,-0.055790,0.224961,-0.587190,-0.335150,-0.160276,-0.212292
6.400007,1.975875,0.397447,1.560528,-0.229676,-0.878817,-0.186247,0.329125,-0.395394,0.061155,0.119364,0.382362
7.065644,2.585896,0.319563,0.509087,-0.128177,-0.424853,-0.148238,-0.222126,-0.187166,-0.152495,0.133454,0.076040
6.358502,2.747708,0.427895,0.046564,0.050366,-0.149975,-0.023332,-0.241539,-0.335285,-0.010064,0.140397,0.225602
3.589010,2.115141,0.471454,0.763111,0.121361,-0.320476,-0.204538,-0.350143,-0.404884,0.129361,0.105494,0.241517
3.257157,1.858298,0.499041,0.026764,0.080267,0.186194,0.093754,0.117405,-0.397148,-0.026471,0.098314,0.049030
0.186823,1.567085,0.687310,-0.181254,0.363706,0.452365,-0.215719,0.052513,-0.339638,0.312205,0.029888,0.364268
-1.094201,0.722679,0.341798,-0.824122,-0.305159,-0.586265,-0.157095,0.431811,-0.390969,0.404357,0.052009,0.113517
-2.093572,0.657078,-0.210553,-0.934059,-0.201792,-0.230362,0.308533,-0.046355,-0.683713,0.429040,-0.210661,0.561604
-2.933413,0.245598,0.272357,-0.750515,-0.342110,-0.021582,-0.045942,-0.111536,-1.018107,0.585946,-0.315978,0.054434
-3.740428,-0.122311,1.057019,-0.452612,-0.287370,-0.183754,-0.293367,-0.021625,-0.397751,0.271089,-0.230126,0.300075
-3.910908,0.614776,1.420871,-0.543086,-0.128874,-0.220616,-0.412951,0.236751,-0.643977,0.295007,0.006732,0.343710
-3.976833,-0.226944,0.879001,-0.369537,-0.343699,-0.594114,-0.637278,0.236302,-0.425288,0.362493,-0.218914,0.266517
-4.906471,-0.984443,0.895759,-0.190438,-0.100899,-0.139400,-0.486077,0.234307,-0.552555,0.360231,-0.239169,0.145059
-5.014528,-1.454324,0.668859,-0.001372,-0.098546,-0.351319,-0.561026,-0.008374,-0.763034,0.472247,-0.077034,0.135807
-5.033637,-1.378259,1.069476,0.271607,0.341910,0.122374,0.078493,0.543411,-0.753670,0.224459,-0.052884,0.043283
-4.531003,-1.160808,1.275123,0.509418,0.046128,0.041721,0.008026,0.040133,-0.682757,0.080528,-0.202366,0.155639
-4.351109,-1.720178,1.364935,0.465919,0.054171,0.090658,-0.142372,0.234640,-0.274697,0.267014,-0.167610,0.261745
-4.324207,-1.309894,1.410513,-0.102307,-0.113471,-0.008494,-0.544939,0.174722,-0.174521,0.349903,-0.359938,0.353588
-4.427045,-0.910008,1.166706,0.061930,0.140804,-0.040054,0.041841,0.359202,-0.111033,0.229095,-0.107058,0.160730
-4.103397,-0.760865,1.396561,0.427117,0.179732,0.028421,0.001721,0.529595,-0.352912,0.238186,-0.452458,0.229133
-3.808409,-0.919069,1.653780,0.301786,0.199169,0.008522,-0.362336,0.115802,-0.257092,0.227765,-0.590167,0.040803
-3.398243,-1.261626,1.365900,0.290278,0.103606,0.225352,0.191213,0.454116,-0.162925,0.241792,-0.286208,0.058286
-2.875780,-0.679062,1.983845,0.651257,-0.020633,-0.186962,0.193082,0.642238,-0.328008,-0.043613,-0.461214,0.043995
-3.034772,-0.920182,1.978570,0.780926,0.236512,0.234840,-0.013573,0.083086,-0.406546,0.345276,-0.448134,-0.276927
-3.104075,-1.341995,1.329258,0.533621,0.401431,0.315360,0.279511,0.139560,-0.579442,0.094755,-0.365337,0.215627
-2.694993,-0.537766,1.834314,0.388767,0.565635,0.029649,0.043832,-0.491279,-0.662902,0.422755,-0.190738,0.259138