-0.378347,-0.089648,1.483090,0.087364,0.658912,0.389295,0.187500,0.287546,-0.396705,-0.139414,-0.338609,-0.244647
-0.206708,-0.290177,1.577839,0.147771,0.801036,0.520967,0.300871,0.380894,-0.314931,-0.211477,-0.399480,-0.235272
-0.237561,-0.254441,2.033662,0.368392,0.639862,0.207647,-0.168069,0.612775,-0.479941,0.183140,-0.290662,-0.200708
0.696322,-0.363134,1.740793,0.269821,0.126977,-0.204204,0.087574,0.105458,-0.297372,0.070282,-0.453337,0.290410
0.086969,-0.813786,1.796874,0.848482,0.644431,0.269834,0.089548,0.520435,-0.411940,-0.045771,-0.312573,-0.136150
1.118137,-0.155445,1.702228,0.765548,0.150007,0.188067,0.111260,0.437339,-0.038378,0.130384,-0.230334,-0.085882
1.578164,-0.003884,1.777209,0.559360,0.008943,-0.127332,0.094077,0.265952,-0.254918,0.128127,-0.260784,0.021076
1.803032,-0.455586,1.126865,0.760255,0.079653,0.400575,0.391631,0.240547,-0.375423,0.278946,-0.230498,0.085752
1.560253,-0.174424,0.866143,0.140200,0.442088,0.223104,-0.017796,0.238248,-0.525066,0.151939,-0.310153,-0.077739
1.601226,-0.548575,1.156255,0.667098,0.429806,0.172695,0.048417,0.437605,-0.171702,0.107602,-0.333252,0.122373
2.196860,-0.311361,1.537221,0.227279,0.468324,0.220570,0.261780,0.231113,-0.664459,-0.089337,-0.463775,0.107257
2.217097,-0.387979,1.370445,0.496579,0.355390,0.022524,0.085078,0.616289,-0.197632,0.179908,-0.075212,0.119810
1.784139,-0.586860,1.053565,0.320703,0.071475,-0.180478,-0.047487,0.178352,-0.272331,0.415994,0.075730,-0.020765
1.849482,0.241603,0.836501,0.253263,0.028892,0.249635,0.198165,0.425174,-0.562691,0.250486,-0.322707,-0.072793
1.905591,-0.204421,0.835454,0.419446,0.311053,0.079863,0.054741,0.601297,-0.319287,0.489001,-0.183018,-0.039560
1.790283,-0.459434,1.035583,0.714164,0.162687,0.091449,-0.160757,0.514818,-0.506385,0.018126,-0.118082,-0.000438
0.709780,-0.925026,1.176146,0.598284,0.409819,-0.001184,-0.294358,0.672835,0.190738,0.091363,-0.296918,0.003395
2.714884,0.900245,1.642699,1.051515,0.920317,0.298018,-0.257298,-0.052320,-0.373654,-0.199598,-0.190716,0.009192
3.284996,2.156391,2.931034,0.845874,0.025154,-0.127406,-0.422743,-0.227212,-0.256463,-0.066260,-0.005852,0.255286
6.118406,2.773473,1.299690,0.599123,-0.008723,0.065031,-0.232874,-0.015285,-0.169294,-0.068346,-0.124804,0.012815
5.550524,3.240423,1.846671,0.943344,-0.155464,-0.410649,0.076151,0.283584,-0.463793,0.057892,0.141494,0.151862
4.054721,3.206142,1.833576,1.240104,0.447290,0.090589,-0.366653,0.071226,-0.338551,0.088364,-0.124059,0.296471
6.303037,2.326227,0.890541,1.537887,0.212941,-0.648955,0.020892,0.166568,-0.441390,-0.159332,0.025145,0.124870
6.836109,2.429821,0.497184,1.666699,-0.072504,-0.953940,0.142725,0.507696,-0.347198,0.017609,0.128565,0.214025
6.918899,1.981701,0.404956,1.563702,0.282703,-0.651695,0.049110,0.386692,-0.329033,-0.231376,-0.128938,0.160121
6.382482,2.330129,-0.134121,2.092353,0.100876,-0.907748,-0.048505,0.051959,-0.298032,-0.108443,-0.101050,-0.222091
5.973875,2.327019,0.158068,2.193325,-0.019610,-1.251494,0.278385,0.512729,-0.558384,-0.052673,-0.035968,-0.104741
5.077931,2.607472,0.798025,2.401569,-0.900596,-1.258953,0.336115,0.375651,-0.447413,0.287419,0.154322,0.355760
5.877973,3.086209,0.509799,0.809016,-0.371925,-0.058090,-0.319869,0.308418,-0.388053,-0.163400,-0.045577,0.374525
4.954286,2.950996,0.772257,0.421521,-0.064479,0.133236,-0.112032,-0.240487,-0.225684,0.085313,0.466297,0.547661
3.765302,3.057184,0.516014,-0.070039,-0.167278,0.271360,0.221800,0.175571,-0.511775,-0.058002,0.394377,0.669649
4.371619,2.328300,0.450287,-0.160844,-0.122920,0.329584,0.381237,-0.195402,-0.201886,-0.082613,0.096820,0.311712
2.465321,1.942664,0.343241,0.065642,0.073351,0.424034,0.338731,-0.172565,-0.540737,0.409187,0.233404,0.449072
0.869747,0.613787,0.056984,-0.149681,-0.436811,-0.062690,-0.033757,0.080141,-0.308588,0.422514,-0.039696,0.139882
-0.954886,-0.029365,0.257642,0.010747,-0.613297,-0.404125,0.309741,0.189517,-0.518785,0.476508,0.221543,0.439474
-1.675591,-0.376742,0.359598,-0.291754,-0.557458,-0.040812,0.040690,-0.359507,-0.632461,0.253664,0.030286,0.208631
-2.054537,-0.644805,0.230986,-0.420770,-0.266298,-0.354034,-0.145417,-0.116762,-0.692910,0.315963,-0.289149,0.263417
-2.246477,-0.313557,1.052768,-0.049201,-0.255660,0.119448,-0.203414,0.009231,-0.435548,0.407556,0.036284,0.186963
-2.487289,-1.043316,0.834861,-0.314334,0.135099,-0.168971,-0.459047,0.346775,-0.580065,0.287522,-0.237520,0.098731
-3.250834,-1.242986,0.537107,-0.711911,0.199293,0.197613,0.128564,0.852663,-0.223916,0.282611,-0.224867,0.095647
-3.051658,-1.278067,0.232323,-0.881634,-0.619580,-0.278244,-0.150807,0.031881,-0.853798,0.107314,0.146624,0.138561
-2.242895,-0.888545,1.043236,0.162748,-0.147212,-0.009822,-0.010462,0.407587,-0.765358,0.004554,-0.007076,0.199237
-3.226689,-1.841574,0.795754,-0.064306,0.073078,-0.003949,-0.305268,0.168001,-0.676310,-0.031642,0.297005,0.023706
-2.791566,-1.440066,1.032796,0.098413,-0.023504,-0.018896,-0.353247,-0.049741,-0.564076,-0.031303,-0.273039,-0.265753
-1.770302,-0.660308,1.237221,0.380298,-0.012381,-0.082691,-0.350919,0.236956,-0.184561,0.002884,-0.173569,-0.030632
-1.487467,-0.072178,1.009532,0.421475,-0.336231,-0.343671,-0.041200,0.497571,-0.286493,0.043922,-0.168077,0.315443
-1.011327,-0.076568,1.682421,0.669515,0.536132,0.171824,0.105147,0.621493,-0.546789,0.388657,0.093548,0.086397
-0.840064,-0.195093,1.432657,0.479659,0.317927,0.213360,0.004180,0.268556,-0.387228,0.245455,-0.224144,0.173667
0.020846,-0.371320,1.195079,0.497073,-0.064113,0.490746,-0.216177,0.157579,-0.096090,0.643975,0.035260,0.179175
-1.207205,-0.522834,1.483209,0.598172,0.774810,0.462332,-0.069880,0.700941,-0.310070,-0.306089,-0.093345,0.405948