-1.578777,-0.476377,1.147976,0.308429,0.154239,-0.076272,-0.241024,0.433959,-0.430841,0.198824,-0.136895,0.370970
-1.339890,-0.763210,0.963906,0.312604,0.333136,0.102229,-0.011873,0.466439,-0.464861,0.181452,0.058505,0.463841
-1.415073,-1.336034,0.532777,-0.398745,0.426354,-0.637663,-0.067341,-0.038613,-0.607318,0.147004,-0.336739,0.342208
-0.392185,-0.980915,0.882293,-0.372582,0.182009,-0.180767,-0.561793,-0.290524,-0.145587,0.117280,-0.103499,0.266408
0.476222,-0.217789,1.333208,0.052663,-0.030351,-0.523392,-0.246484,0.159575,-0.298655,0.029000,-0.158967,0.273658
0.066360,-0.970178,1.479283,0.295010,0.197670,-0.568634,0.357919,0.365680,-0.421024,-0.158243,-0.024498,0.426194
1.101788,-0.869357,1.386607,0.289898,0.521614,0.088971,-0.057935,-0.116762,-0.065612,0.256043,-0.196580,0.108209
1.140236,-0.615207,0.951776,-0.031528,-0.155768,-0.050919,-0.243424,0.492068,-0.502665,-0.196933,-0.209797,-0.186724
1.302509,-1.191423,1.083745,-0.397164,0.031339,0.422286,0.235122,0.225527,-0.234339,-0.171945,-0.092595,0.184252
2.680866,-0.141440,1.323866,0.257925,0.200792,0.392425,0.128024,-0.004890,-0.359929,-0.110842,-0.374244,0.022781
7.481823,2.137290,1.123174,0.392872,0.188244,0.241828,0.262706,0.071230,-0.103489,0.057630,-0.164291,0.044080
6.755381,2.638841,0.935641,0.568434,0.277438,0.481351,0.394147,-0.079922,-0.548732,0.269746,-0.310401,0.197858
7.196496,2.192965,1.152991,0.535281,0.291157,0.092699,-0.052572,-0.071296,-0.149068,-0.127287,-0.056698,-0.041535
2.860210,2.989921,2.321227,1.349903,0.553103,-0.191492,-0.001388,0.239849,-0.281010,-0.056435,-0.089039,-0.073157
5.855363,2.669713,1.281752,0.665193,-0.260701,-0.429689,0.021976,0.287307,-0.148236,-0.059317,-0.303801,0.288386
6.599299,2.453949,0.161464,0.926048,0.278208,-1.019277,-0.147573,0.291541,0.051546,0.154691,0.119158,0.158679
5.966774,2.451912,0.097957,2.063795,-0.074096,-1.389826,-0.341421,0.521927,-0.302037,0.083820,0.134926,0.147988
7.085340,2.043989,0.091987,1.060482,-0.279995,-1.025380,-0.013138,0.322352,-0.276572,0.007812,0.066055,0.256421
6.722316,2.614974,0.097653,1.040602,-0.562941,-0.163046,-0.311685,0.311620,-0.054355,-0.203814,-0.104837,-0.154093
7.189463,2.263388,0.450797,0.318493,-0.414549,-0.039035,-0.223891,0.051148,0.037371,0.018517,-0.054267,-0.008446
6.633700,2.664879,0.835518,-0.315870,-0.189931,-0.123055,-0.006858,-0.343763,-0.061314,0.247072,-0.108066,0.022717
3.629777,2.834691,1.084023,0.209886,-0.026018,-0.082738,0.213447,-0.043038,-0.251548,0.372025,0.017735,0.373856
2.104092,2.697221,0.531499,0.309258,-0.143580,0.004980,-0.050595,-0.114165,-0.232424,0.490544,0.000298,0.069066
0.273506,2.193416,0.744626,-0.283544,-0.254681,-0.390516,-0.362089,0.439983,-0.340348,0.466240,0.158227,0.377474
-2.225704,0.519132,0.501613,-0.182170,-0.212170,-0.397974,-0.363349,0.014617,-0.366632,0.311198,-0.042585,0.220077
-2.319160,0.380565,0.031984,-0.948696,-0.025815,0.216006,-0.231072,0.217839,-0.356984,0.406875,0.013960,0.473080
-3.639326,-0.131501,1.059699,-0.092191,-0.149665,0.441062,0.240285,0.337693,-0.517471,0.344601,-0.098087,0.290683
-4.125810,-0.017962,1.257175,0.443508,0.282919,-0.179108,-0.130534,0.302245,-0.709205,0.180231,-0.424740,0.036578
-4.940233,-0.663906,1.292958,0.011295,0.084531,-0.028957,-0.599662,0.289862,-0.549924,0.205114,-0.076526,0.348610
-5.205670,-0.790945,1.595476,0.101263,0.260807,0.394145,-0.376518,0.033512,-0.278764,0.555258,0.116425,0.533922
-5.218328,-1.211452,1.225548,-0.040903,-0.251561,-0.422946,0.173130,0.526230,-0.469685,0.509549,0.313806,0.610576
-5.212307,-1.631665,1.019938,-0.241063,-0.331981,-0.007081,0.590875,0.577760,-0.272499,0.668547,0.147477,0.102722
-5.074054,-1.350188,1.128460,0.060942,-0.222349,0.173209,0.176362,0.299057,-0.422681,-0.037881,-0.144309,0.182569
-4.567221,-0.963356,1.347841,0.563186,0.250340,0.116811,-0.519383,0.444930,-0.116268,0.274817,-0.126583,0.281675
-4.279513,-0.634269,1.438446,0.385897,0.239441,0.371941,-0.341034,0.217969,-0.330271,0.299645,-0.370768,0.034800
-4.396072,-0.732275,1.317977,0.403299,-0.093917,-0.097661,-0.299681,0.373707,-0.151384,0.349845,-0.312371,0.198552
-4.257864,-1.273422,0.916082,-0.135876,-0.110276,0.067501,0.387022,0.235227,-0.382317,0.136227,-0.367324,0.086638
-2.235291,0.353230,1.304319,0.285205,0.287893,0.158903,-0.256572,0.192455,-0.301136,0.167253,-0.257514,0.016758
-3.287106,-0.638801,1.435077,0.738223,0.142760,0.355311,0.086073,0.448308,-0.232236,0.055424,-0.125922,0.236485
-4.301084,-0.883476,1.678866,0.444612,0.276569,0.474387,0.326286,0.336555,-0.748420,-0.193467,-0.398137,0.277105
-2.483276,-0.160922,1.695184,0.758421,0.134051,-0.050924,0.046165,0.412575,-0.507379,0.046717,-0.167486,0.318011
-2.618579,-0.137636,1.555582,0.940964,0.129711,-0.049498,0.083550,0.505078,-0.396380,0.100154,-0.236698,0.296942
-3.338180,-0.872085,1.232414,0.407132,0.114747,0.109166,0.121068,0.479354,-0.238443,0.142757,-0.208249,-0.098628
-2.820535,-0.593805,1.687631,0.517782,0.233012,0.146109,0.089022,0.453294,0.037538,0.256877,0.034352,0.328401
-2.842427,-0.512942,1.541244,0.395477,0.107712,0.247837,0.244136,0.228640,-0.194203,0.190201,-0.126614,0.103780
-1.881292,-0.265894,1.878662,0.406355,0.093929,0.141220,0.019755,0.221057,-0.330360,0.167105,0.013814,0.036182
-1.702112,-0.549147,1.444875,0.584225,0.288056,-0.117950,0.005239,0.436294,-0.456321,0.206170,-0.202499,0.023907
-2.021423,-0.976189,1.311985,-0.041517,0.570632,0.151447,-0.184008,0.448619,-0.461576,-0.012103,-0.032499,-0.009142
-1.411807,0.406973,1.834050,-0.086233,0.213221,-0.183630,-0.138824,0.521974,-0.456758,0.200629,-0.004062,-0.087529
-1.682842,-0.476050,1.874914,0.643951,0.069521,-0.294108,-0.328925,0.228917,-0.340914,0.527965,0.030383,-0.272259