-1.516537,-0.930663,0.310901,0.295572,-0.073845,0.371945,-0.254294,0.035875,-0.437535,0.140722,-0.159991,0.158047
-1.090816,-1.104044,0.369016,0.147390,-0.249748,0.256328,-0.228500,0.031607,-0.422136,0.184537,-0.046378,0.091839
-0.072876,-0.918766,1.265463,-0.109033,-0.590415,-0.295557,-0.231611,0.121092,-0.595668,0.456853,-0.297791,0.064844
-0.679163,-0.850259,1.934205,0.752849,0.551972,0.381311,-0.639113,0.530173,-0.452040,0.044018,-0.176838,0.236407
-0.536354,-0.770342,0.789630,0.180591,-0.388501,-0.305945,-0.483367,-0.037864,-0.368781,0.165901,-0.200403,0.074621
0.087813,-0.500437,1.340065,-0.331860,0.285138,-0.171178,-0.145171,0.074072,-0.634766,0.049879,-0.178402,0.012237
0.594937,-0.287884,0.974716,-0.241237,0.055454,-0.310493,-0.567826,0.007692,-0.580044,0.043875,-0.111348,-0.233251
0.068102,-0.603380,0.789598,0.310783,0.536927,-0.070037,-0.424950,0.436614,-0.431558,0.257444,-0.280424,-0.214038
0.694657,-0.916838,0.773038,0.124055,0.083271,0.047066,0.083003,0.609087,-0.585665,0.268153,-0.272912,0.000936
1.224882,-0.333805,0.651916,0.133746,0.134746,0.201868,-0.147865,0.268740,-0.496718,0.114866,-0.064435,0.331106
0.777891,0.019321,0.746577,0.086231,0.228433,0.409971,0.078745,0.341144,-0.471682,0.244018,-0.168443,-0.074258
0.559013,-0.599984,0.907230,0.162607,0.090157,0.296146,-0.076183,0.126086,-0.328767,0.123355,-0.031190,0.211227
0.245126,-0.963535,1.302066,0.254656,0.182333,0.007728,-0.324688,-0.159661,-0.332018,0.316215,-0.093556,0.349476
1.138578,-0.732099,0.652429,0.052305,0.177306,0.219194,0.535375,-0.003608,0.009482,0.442983,-0.320774,0.193488
2.296122,0.614373,1.741124,0.684386,0.397772,0.078604,0.123848,0.064616,-0.267572,-0.072782,-0.409104,0.227364
4.445590,2.496090,1.981128,0.945445,0.306578,-0.034106,-0.575997,-0.234771,-0.636104,0.126835,0.019365,0.231396
4.592882,3.201561,1.867307,1.086761,0.455905,-0.051355,-0.046480,0.036535,-0.409048,-0.029698,-0.158887,0.132135
4.603323,3.129013,2.040820,1.011740,0.413607,-0.145151,-0.458116,0.032057,0.009480,-0.269203,-0.409559,-0.034572
5.327681,2.429828,2.010022,1.187050,0.725125,-0.586071,-0.326698,0.345846,-0.289714,0.101813,0.114531,0.100855
7.875680,2.022060,0.677401,1.307468,-0.365916,-1.242895,-0.286797,0.170849,-0.408406,0.059477,0.165562,0.291342
8.257067,2.048675,0.686863,1.050729,-0.615987,-1.214510,0.163644,0.753369,-0.611577,-0.025153,0.019759,0.326165
7.270316,2.136675,0.425601,1.209884,-0.339874,-1.081795,-0.142588,0.742716,-0.632884,-0.291911,-0.014783,-0.024391
7.046927,2.264793,0.758733,-0.067654,-0.470358,-0.032207,-0.234268,0.210955,-0.088238,-0.154923,-0.024788,0.099065
5.985982,2.329344,1.155547,-0.109418,0.316952,-0.452140,-0.070248,0.032587,-0.398512,-0.225790,0.204607,0.441890
2.642078,3.381190,1.543341,0.253367,0.164474,0.216234,-0.649605,0.544017,-0.092000,-0.036961,0.196511,0.084845
2.414243,2.059801,1.358030,0.504797,0.368299,-0.093803,-0.226427,-0.079461,-0.046842,0.201331,-0.052502,0.046796
0.557410,1.698400,0.595168,0.053533,0.041670,0.048840,0.259282,0.233893,-0.703382,0.162164,-0.160996,0.358695
-1.426650,1.396453,0.776276,-0.200775,0.035351,0.006678,0.347770,0.722720,-0.717192,-0.077591,-0.087810,0.573100
-2.323879,0.880276,1.335762,0.005089,-0.133434,-0.053332,0.059782,0.446000,-0.186218,0.311522,-0.236095,0.412850
-3.000787,0.570912,1.441202,-0.003292,-0.434931,-0.165541,-0.129447,0.263501,-0.608467,0.155990,-0.022235,0.361029
-4.440651,-0.514584,0.752093,-0.168776,-0.118512,-0.335886,-0.402050,0.508721,-0.279545,0.547827,-0.192337,0.138513
-5.173190,-1.101754,0.689807,0.039968,-0.052762,0.166099,-0.021339,0.361926,-0.387133,0.533468,0.087161,0.030621
-4.698489,-0.609915,1.497685,0.405471,0.316527,0.157913,-0.229059,-0.146745,-0.796154,0.246090,-0.386886,0.232574
-5.152108,-0.676095,1.920642,0.211156,0.070620,0.142782,-0.036200,0.203989,-0.131686,0.528637,-0.234685,0.214184
-5.230860,-0.842455,1.379637,-0.294352,0.035841,0.082699,0.156318,0.280502,-0.289305,0.351088,-0.244612,0.268710
-3.922078,-0.065085,1.455119,-0.396200,0.267433,0.002610,-0.148431,0.247463,-0.256597,0.120222,-0.444732,0.209735
-4.797750,-0.967776,1.607643,0.167508,0.583880,-0.028942,0.076135,0.151102,-0.341969,0.388062,-0.465003,0.117375
-4.415485,-0.820227,1.605907,0.637110,0.608315,-0.005470,0.198268,0.598065,-0.390453,0.187235,0.069696,0.279206
-4.059494,-1.080686,1.409778,-0.119857,0.173444,-0.240850,0.108554,0.424371,-0.678602,0.065228,0.179414,0.186314
-2.438619,-0.452028,1.724600,0.133391,0.188840,-0.120860,-0.318133,0.192703,-0.103742,-0.117129,-0.006048,0.311223
-3.823545,-1.129881,1.882850,0.630775,0.594217,0.321523,0.070691,0.448200,-0.249219,0.154928,-0.357506,-0.148111
-3.476893,-1.383678,1.331995,0.456886,0.397772,-0.336479,-0.049460,0.456373,-0.351725,0.413436,-0.257187,0.155552
-3.135219,-1.404597,1.018150,0.129617,0.045149,-0.332287,-0.122930,0.398239,-0.498647,0.079838,-0.298637,0.363405
-2.484989,-0.572464,1.274075,0.304665,0.081539,-0.281372,0.192016,0.627872,-0.491455,0.301791,-0.052787,0.414689
-2.930646,-0.961739,1.842453,0.852148,0.492935,-0.163327,-0.181097,0.181194,-0.360860,0.519212,-0.071484,-0.066223
-3.246250,-0.777507,1.184650,-0.000028,0.157946,-0.107766,-0.044900,0.184918,0.010135,0.206755,-0.340242,0.203086
-3.440084,-0.978559,1.812557,0.213513,0.377105,0.008794,-0.343541,0.408785,-0.037225,-0.091649,-0.670130,0.583241
-3.012560,-0.871338,1.103945,0.210564,0.405357,0.262242,0.159805,0.614118,-0.549166,0.294916,-0.110116,0.235827
-4.108604,-1.485173,0.892794,0.283169,0.684980,-0.085057,-0.481045,0.272941,-0.682719,-0.022073,0.139455,0.165843
-3.434888,-1.287836,1.352329,0.046036,-0.086231,-0.062535,-0.102652,0.282377,-0.730684,0.069588,-0.049854,-0.002030