-0.312086,-0.745355,0.616110,-0.426158,-0.390443,0.300649,-0.060227,0.259050,-0.210605,0.426201,-0.443753,0.202146
0.380442,-0.682230,0.881629,-0.213050,-0.383299,0.313022,0.009070,0.331146,-0.046879,0.441887,-0.411892,0.148385
-0.014298,-1.654993,0.639989,-0.656918,-0.506462,0.003311,0.177737,0.474399,-0.442470,0.012652,-0.276376,0.050571
0.336796,-1.009409,1.553501,0.213362,-0.385408,0.400137,0.047131,0.308611,-0.218531,0.215348,-0.238899,-0.086747
1.436414,-1.237699,0.896617,-0.367754,-0.177144,0.142458,0.275691,0.837170,-0.237604,0.268350,-0.182475,0.131293
0.509198,-1.134901,1.511154,0.250974,-0.030100,0.129492,0.261306,0.688444,-0.479577,0.003561,-0.295546,-0.125823
1.234286,-0.669915,0.952723,-0.121191,-0.446437,0.003996,-0.161910,0.007703,-0.227511,0.491048,-0.131922,-0.243846
1.319006,-0.985110,0.780090,-0.389753,-0.301151,-0.331474,-0.437216,0.306426,-0.352884,0.161647,-0.393772,-0.012913
1.635697,-0.659789,1.232156,-0.494963,-0.360415,-0.331598,-0.370359,0.290850,-0.367179,0.095018,-0.151988,-0.089339
1.151332,-1.033203,1.086558,0.106366,-0.025186,-0.129779,0.098509,0.522801,-0.331805,0.108252,-0.288158,-0.255591
0.334148,-1.667691,1.015552,0.461031,0.259640,-0.157416,-0.288095,-0.273874,-0.584058,0.155544,-0.243045,0.275399
1.072719,-0.493088,1.195194,-0.201910,-0.065999,0.067546,-0.061123,0.391238,-0.477434,0.097796,-0.298589,0.268527
1.144058,-0.946291,1.147765,-0.144171,0.026197,0.010273,-0.081416,0.188629,-0.859263,0.096096,-0.375691,0.124660
1.103645,-1.119384,1.142144,0.585831,-0.054315,-0.265211,0.030019,0.390111,-0.344761,0.371351,-0.365079,-0.037965
1.103683,-1.627588,0.539721,-0.004901,0.424287,-0.291443,-0.019601,0.713289,-0.075623,0.334165,-0.259359,-0.125402
4.616913,1.316723,1.500729,0.424159,0.064001,-0.259552,-0.022548,0.286454,-0.546498,-0.085647,-0.112001,0.027319
5.387338,3.101910,2.200590,0.816646,0.239218,0.066263,-0.150658,-0.032758,-0.520394,0.069762,-0.117755,-0.041657
6.689586,3.015939,1.420790,0.817192,-0.229601,-0.193869,0.216894,0.292272,-0.619707,-0.058908,-0.255604,0.163140
5.072095,2.978645,1.591811,1.092512,0.206781,-0.077034,-0.032770,0.368036,-0.045109,-0.144680,-0.107497,0.106841
6.753100,3.314964,0.231968,0.921016,0.156323,-1.077111,-0.264553,0.493577,-0.501641,-0.286389,-0.004771,-0.128727
7.376185,2.875122,0.108603,0.700683,0.028268,-0.915646,-0.199035,0.517187,-0.609893,-0.156959,0.166788,0.056519
6.812262,3.366905,-0.151677,0.259798,-0.311326,-0.280935,-0.064801,0.430028,0.134414,-0.017172,-0.024103,0.015348
6.769504,2.834779,0.501121,0.036830,-0.166649,-0.011572,-0.057840,0.021005,-0.303417,-0.086312,-0.010154,0.221390
3.245606,2.855276,0.697141,0.004365,0.077671,0.289575,0.201734,0.045566,-0.395373,0.357749,-0.057914,-0.056972
0.375541,2.037769,0.555844,-0.818685,-0.399970,-0.679799,-0.795653,-0.082978,-0.346497,0.134018,-0.051175,0.103456
-0.286868,1.257043,0.169433,-0.455221,-0.669064,-0.791372,-0.387517,0.451008,-0.430736,-0.011307,0.064579,0.296156
-1.480465,0.841882,0.575158,-0.424881,-0.609143,-0.620366,-0.622271,0.262215,-0.399834,0.325337,0.139232,0.485508
-2.792397,0.714861,1.166562,-0.966721,-0.289230,-0.389023,-0.547625,0.013971,-0.553018,0.343241,-0.038461,0.519317
-3.348638,-0.101327,1.129126,-0.394502,0.056767,-0.067261,-0.152513,0.242168,-0.716670,0.274252,-0.240039,0.212243
-4.134863,-0.227121,0.747183,-0.146187,0.670807,0.283701,-0.359791,0.116020,-0.416621,0.465487,-0.415459,0.303041
-5.096053,-0.856151,1.566748,-0.286701,-0.066017,-0.082770,-0.955724,0.040034,-0.445914,0.505095,0.065662,0.479483
-5.614775,-1.265850,1.454257,-0.130897,-0.080439,0.301717,-0.442902,-0.030654,-0.274880,0.624626,-0.044272,0.479215
-5.874775,-1.171774,1.266356,-0.658463,-0.648255,0.054072,-0.383925,-0.143439,-0.604721,0.556261,-0.379541,0.153804
-5.955190,-1.588583,1.224089,-0.744349,-0.705998,-0.681812,-0.543926,0.018900,-0.891711,0.319915,-0.474912,-0.005819
-4.995995,-1.093042,1.656275,0.555280,0.164258,0.319891,-0.486431,0.533913,-0.336801,0.034617,-0.469066,0.062512
-5.082658,-1.367371,1.944801,0.230185,-0.023114,-0.003509,-0.037696,0.749107,-0.469584,0.211881,-0.055063,0.160161
-3.943259,-1.028807,1.601606,-0.094869,0.068802,-0.249214,-0.210569,0.434007,-0.380499,0.077608,-0.312081,0.223752
-4.372764,-0.448132,1.834412,0.100323,0.133647,-0.000993,0.268705,0.332096,-0.630251,0.150486,-0.214121,0.217351
-3.914257,-1.127214,1.823418,0.429027,0.207681,0.397339,0.249093,0.409361,-0.392477,0.386420,0.012067,0.356400
-3.908239,-1.294049,1.137035,-0.271489,-0.328844,0.104991,0.314953,0.150530,-0.531889,0.562400,0.136128,0.133219
-3.643355,-1.269962,1.439547,0.192278,0.182989,-0.161473,-0.108579,0.382484,-0.277809,0.520070,-0.070200,-0.074851
-3.505365,-0.986897,1.677684,0.022509,0.212163,-0.169705,-0.311056,0.710391,0.035805,0.403428,-0.110964,0.035509
-3.604320,-1.222535,1.491297,-0.418681,0.277099,0.099979,-0.377958,0.363577,-0.202557,0.385419,-0.038915,0.216308
-3.260805,-1.235407,1.293860,-0.201255,-0.331179,-0.222348,-0.229322,0.327213,-0.375639,0.466631,-0.159362,0.178228
-2.621002,-1.164332,1.307438,0.007490,0.230729,0.166882,0.008998,0.378964,-0.324024,0.513366,-0.050308,0.248017
-2.942731,-1.220472,1.349996,0.203789,0.588993,0.535685,0.149505,0.343176,-0.449086,0.508135,0.106751,0.569861
-3.192713,-1.487895,1.406342,-0.256256,0.116607,0.132330,0.014322,0.356074,-0.241660,-0.135266,-0.431472,0.355267
-2.411258,-1.425826,1.129441,0.005836,0.506715,0.130677,-0.040301,0.259040,-0.360152,0.377568,-0.330786,0.078741
-2.863041,-0.849446,0.680636,0.080329,-0.271044,-0.368445,-0.098535,0.405087,-0.532750,0.042842,-0.394796,-0.160563
-2.695669,-1.783859,1.073909,-0.354442,-0.694102,-0.725064,-0.788658,-0.112003,-0.772088,0.013129,-0.794208,-0.076269