2.701412,1.361922,0.907436,0.487733,0.313164,0.312423,0.225953,0.050409,0.072089,0.135949,-0.027487,-0.077377
-1.109141,-0.016162,0.205995,0.738966,0.257542,0.114703,-0.038025,0.021215,-0.322152,0.120868,0.047250,-0.014052
-1.026675,-0.551082,0.120839,0.236028,-0.394840,-0.190547,0.300440,0.440250,-0.138547,0.101205,0.149731,0.060925
-1.111261,-0.267561,0.689392,0.101069,-0.510271,-0.150641,0.513214,0.042317,-0.305352,-0.203334,-0.004355,0.276567
0.570217,-0.009177,0.936568,0.670414,0.014097,0.234803,0.474989,0.112459,-0.153254,0.048942,-0.168004,-0.132950
-0.087962,-0.409468,0.341294,0.122342,-0.088587,0.171609,0.261403,0.005222,-0.371769,0.094329,-0.028749,0.068343
0.604779,-0.192017,0.207602,-0.409658,-0.465323,0.017969,0.156818,0.306489,0.168983,-0.404710,-0.102628,-0.151180
0.606369,-0.327268,0.908025,0.511853,-0.351088,-0.243832,0.337317,0.143686,0.069524,0.038937,-0.025419,0.155766
1.134855,-0.516615,0.886223,0.470683,0.030235,0.142520,0.364866,0.245236,0.065181,-0.296338,-0.185086,-0.089662
0.931684,-0.429849,0.744543,-0.134291,-0.004984,-0.006992,-0.252211,0.369287,0.213392,0.104380,-0.237035,-0.034838
6.978885,2.388903,1.452612,0.426628,0.169616,0.092920,0.073253,0.003337,0.006929,-0.126685,-0.247245,-0.081227
5.637364,3.213560,1.435431,0.535301,0.001448,-0.255616,0.130271,-0.062372,0.052496,0.023540,-0.096136,-0.243839
4.304671,3.817156,1.574806,0.668688,-0.102294,-0.391211,-0.198363,-0.207878,0.134719,0.028842,-0.051740,0.149288
4.761757,3.246248,1.581899,0.577548,-0.222008,-0.217458,0.037671,0.037652,0.093803,-0.192823,0.042848,0.519458
4.957179,3.274240,1.388898,0.370180,-0.256551,-0.170425,0.137142,-0.010293,-0.132808,-0.054970,0.186968,-0.015990
3.522545,3.719276,2.248330,0.191246,-0.451552,-0.211139,0.174521,-0.225913,0.243008,-0.122749,0.054933,0.247015
4.881608,2.423366,1.292627,-0.177063,-0.159741,-0.569703,0.026987,0.072374,0.142801,0.064759,0.089844,-0.003099
2.569023,1.354869,2.667959,-0.030587,-0.134161,-0.253491,-0.168133,-0.213933,0.155752,0.047797,-0.231182,0.184938
3.526993,1.308476,2.626594,0.379672,-0.084458,-0.622627,-0.362923,-0.133450,0.274968,0.167531,-0.181478,0.147330
2.929127,2.600540,3.243721,0.661629,-0.797257,-0.570391,0.275653,-0.405601,0.019131,0.489580,-0.217415,0.325489
3.220526,2.685959,2.168324,0.401293,-0.179042,-0.353487,0.493926,-0.234104,-0.192812,0.090689,0.074935,0.134462
-0.365207,2.111900,1.339352,0.488267,0.325417,0.050979,0.304782,-0.118161,-0.039204,0.059664,-0.006298,-0.001699
-3.264182,0.656765,0.624440,-0.169962,-0.686599,-0.320248,0.191358,-0.221546,-0.156050,0.275176,0.213130,0.170351
-2.498950,1.237460,1.182790,0.134927,-0.212976,-0.559336,-0.063896,0.218282,-0.155560,-0.056041,0.174429,0.328020
0.749260,0.045929,0.841511,-1.337966,-0.561827,-0.579512,-0.064692,0.007394,0.052618,-0.021731,0.191820,0.243203
-0.790662,-0.888860,0.970195,-0.741466,0.226814,-0.239250,0.019511,-0.463732,0.108712,-0.102006,0.020090,0.065467
-0.702125,-1.503783,0.815572,-0.346866,-0.315986,-0.419890,0.149607,-0.017733,-0.353651,0.130517,0.010124,0.332563
-0.568116,-0.544943,1.081522,-0.083160,-0.085656,-0.212450,0.493386,0.044040,-0.156313,0.109210,-0.216173,0.062583
-0.164557,0.020363,0.529515,-0.777382,-0.522272,-0.079272,0.580198,0.250552,-0.190718,-0.140108,-0.059471,-0.077715
-1.316769,0.004118,0.337919,-0.594900,-0.448669,-0.205477,0.285409,0.561163,-0.015721,-0.191415,-0.134016,0.107977
-1.634807,-0.001896,0.671798,-0.261559,-0.268161,-0.360961,0.029431,0.014060,-0.222065,0.009255,-0.041816,0.106970
-2.210190,-0.066387,0.463709,0.040383,0.239896,-0.351569,-0.101301,0.140039,-0.261545,0.129628,-0.074644,0.168003
-2.980997,-0.319696,0.206898,0.197111,0.277005,0.177457,0.256267,0.085560,-0.393011,0.117266,-0.413605,-0.134293
-2.633061,0.229587,0.979022,0.120240,-0.304095,-0.168696,0.109738,0.176113,-0.625408,-0.197608,0.192279,0.322728
-1.884518,0.106765,0.414148,0.473527,-0.162530,-0.140099,0.226143,0.171169,-0.154256,-0.040366,0.060329,0.084377
-1.960444,0.315446,0.330386,0.613091,-0.045132,-0.251545,0.057045,0.035638,-0.355131,-0.426418,0.006351,0.067616
-2.235879,0.013867,0.054744,0.202118,-0.188150,-0.084024,0.626102,0.159266,-0.165136,0.031014,-0.247336,0.102877
-2.270552,-0.053167,0.452947,0.253294,-0.301487,-0.353425,0.410616,0.103024,-0.555453,-0.082477,-0.124784,0.243594
-2.105160,0.032769,0.456817,0.873358,0.436552,0.116624,0.131593,0.239892,-0.323089,-0.023990,0.121236,0.118828
-0.936389,-0.153500,-0.049028,0.608705,0.103933,0.097867,0.240630,0.141039,-0.516744,0.111858,-0.023561,0.057622
-0.614017,-0.158646,0.942377,0.220448,-0.479458,-0.527081,-0.164709,0.331832,0.193464,0.207104,-0.216469,0.182996
-0.808849,-0.500719,0.730812,0.813637,0.079585,-0.344001,-0.264211,0.316665,-0.240012,0.098398,0.017354,-0.064492
-1.471677,-1.456235,0.015524,-0.245205,-0.274936,-0.417708,-0.133309,0.333680,0.249661,0.400706,-0.318878,-0.300513
-0.523030,-0.432861,-0.091589,-0.401910,-0.360837,-0.557188,-0.036011,0.458510,-0.069574,0.028170,0.010824,0.150749
-0.141294,-0.056079,0.606883,0.252492,-0.171743,0.161659,0.058588,0.234738,-0.208666,0.043838,-0.126309,0.251425
-0.552978,-0.657305,0.404429,0.241873,0.101100,0.063534,-0.598265,-0.052564,-0.202824,0.392848,0.145060,-0.129120
0.360495,0.306569,0.795444,-0.048655,-0.069183,0.187682,0.107656,0.324366,0.112189,0.336872,0.323507,-0.021361
1.051234,0.027133,-0.270032,0.174186,-0.325982,0.044454,0.169642,0.142627,-0.219641,0.145067,0.126476,0.059231
0.686506,-0.139346,-0.528189,-0.211944,-0.162240,0.303707,0.496483,0.007784,0.118257,0.190758,0.007645,0.106935
-0.120237,-0.256182,-0.226079,-0.335031,-0.612026,-0.322525,-0.163641,-0.395259,-0.258482,0.302241,0.036451,0.284677