1.382165,0.272874,0.804885,0.417566,0.470127,-0.280961,0.193893,0.471026,-0.037990,0.247963,-0.228367,-0.154276
0.608308,-1.044191,-0.093505,-0.042900,0.125063,-0.209242,0.245889,0.262932,-0.116829,-0.066074,-0.278114,-0.079219
0.372212,-0.402846,0.282389,0.113336,-0.060976,-0.637386,-0.384669,0.313262,-0.068918,-0.021900,-0.157574,-0.156426
0.510856,-1.246132,0.342378,-0.283379,-0.512550,-0.199411,-0.206592,-0.105572,-0.255885,-0.047061,-0.110785,0.127776
0.902143,0.394869,0.528290,0.455708,0.187625,-0.523549,0.028761,-0.056973,-0.388334,0.209996,-0.211027,0.023580
0.508392,-0.436625,0.137917,0.277717,-0.288411,-0.572665,0.390087,-0.041616,-0.418658,0.035870,-0.305551,0.148668
-0.368755,-1.195470,0.132827,-0.465712,-0.380095,-0.118407,-0.090912,0.167697,-0.103473,0.049442,-0.033817,0.033835
0.142408,-1.064279,0.081702,0.142668,-0.235274,-0.394315,-0.862601,-0.402439,-0.443925,0.107137,-0.155381,0.086115
-0.010794,-1.263554,0.014323,-0.258820,-0.328960,-0.152784,-0.463988,0.136034,-0.072504,-0.107937,-0.052119,-0.010602
0.402721,-0.805122,-0.284995,0.178098,-0.119126,-0.322616,-0.290865,0.185193,-0.277985,-0.087429,0.056145,0.130345
0.920584,-0.501065,-0.002439,0.591009,0.032774,-0.396103,-0.234482,0.226387,0.075152,0.332619,-0.064772,0.203740
5.120157,3.072073,1.709086,0.913513,0.085818,0.129922,0.040312,-0.097786,-0.331849,0.077543,0.292374,0.008881
6.453968,2.579091,1.388146,0.407845,0.248313,0.186421,0.065784,0.022978,0.077377,-0.030148,-0.038997,0.010897
3.958310,4.135250,1.708102,0.563090,-0.165228,-0.277594,-0.077232,-0.008012,-0.085787,0.110421,-0.051902,0.065831
4.452329,3.600676,1.235166,0.620719,-0.138783,0.179626,0.073590,-0.089585,-0.322152,0.057183,-0.208269,-0.021643
4.544909,3.618084,1.600628,0.618862,-0.217090,-0.227693,-0.035765,0.007057,-0.100254,-0.063497,-0.174489,0.014680
3.556233,3.779160,2.184868,0.763902,-0.128503,-0.088603,-0.100462,-0.271107,-0.056887,0.046863,0.002413,0.302121
3.292766,3.329032,2.701590,0.642846,-0.854495,-0.118198,0.582290,0.173181,-0.539069,0.067935,-0.054654,0.210334
2.905310,2.162795,3.350468,0.366821,-0.228430,-0.338796,-0.088525,-0.181600,-0.211645,0.092131,0.011183,0.366711
3.292828,1.432556,3.197645,0.242553,-0.164201,-0.571901,-0.290106,0.165672,-0.402930,0.066137,0.154212,0.204839
3.419337,1.337972,2.928019,0.553138,-0.095822,-0.458509,-0.538525,0.030628,-0.107873,0.023304,0.094463,0.153810
1.317419,1.923792,3.602349,0.848201,0.135412,-0.778869,-0.395110,-0.031119,-0.240606,0.328056,-0.010827,0.104881
0.615937,1.952411,2.168164,-0.386509,0.039312,-0.554436,-0.135955,0.264533,-0.234103,0.106207,-0.183010,0.023999
-2.661374,0.928456,1.477543,-0.087034,0.085119,-0.493375,-0.699171,-0.317706,-0.564756,-0.089113,-0.174609,0.231631
0.305463,-1.249513,0.956222,-0.681980,-0.217072,-0.317621,-0.233768,0.007592,-0.157116,0.039546,-0.100817,0.176784
-0.964260,-0.793159,1.208525,-0.924527,-0.612445,-0.694192,-0.416780,-0.366287,-0.373523,-0.074375,-0.117970,0.286301
-1.333023,-0.602795,1.460693,-0.742781,-0.712108,-0.787893,0.196057,-0.246297,0.153025,0.131288,-0.149169,-0.120711
-1.048652,-0.639917,0.701416,-0.815005,-0.392528,-0.366928,0.685846,-0.124891,-0.114456,0.640276,-0.310234,0.106011
-1.955955,-0.413271,0.703671,-0.686538,-0.501346,-0.306542,0.192488,-0.115267,-0.009777,0.139841,-0.253839,0.252648
-3.165955,-0.181327,1.076577,-0.508991,-0.356643,0.073624,0.348802,0.104058,-0.255701,0.200089,0.114699,0.342016
-3.255586,0.001137,1.060514,-0.133037,0.155364,0.034352,0.106595,0.320931,-0.293765,-0.018117,0.063275,0.261935
-3.091456,0.476751,0.384845,-0.382222,-0.165448,0.247745,0.364903,-0.200873,-0.412331,0.298267,-0.016865,-0.162527
-2.996401,0.462867,0.576990,-0.078250,-0.266341,0.512577,0.261033,-0.026708,-0.105678,0.480669,0.112440,0.030513
-3.020307,-0.226535,0.318478,-0.133263,-0.338473,-0.163573,-0.052064,0.044492,-0.134485,0.370831,0.026823,0.136803
-2.689548,-0.139353,0.616884,0.121686,-0.028009,-0.126423,0.296441,-0.064645,-0.797334,-0.023758,-0.022124,0.037154
-2.509082,0.124179,0.215188,-0.284024,-0.315746,0.063923,0.076230,-0.059615,-0.131996,-0.075154,-0.427785,-0.092114
-2.633349,-0.241651,0.772432,-0.176787,-0.201272,0.197964,0.197639,0.269112,-0.524748,-0.041806,0.164114,0.053518
-2.745221,-0.039126,0.367706,0.219067,0.086568,-0.040268,-0.328014,-0.033431,-0.506171,-0.121577,0.013634,0.106430
-2.826328,-0.085468,0.607750,0.234735,-0.509611,-0.199771,0.484390,0.111157,-0.444576,-0.168533,-0.084294,0.166142
-2.478235,0.179719,1.376277,0.269099,-0.353676,-0.031440,0.240871,0.169767,-0.263507,0.120790,0.071825,-0.081219
-1.941285,-0.374775,0.053453,0.241534,0.251564,-0.255605,0.038349,0.100380,-0.165096,0.100014,0.088406,-0.106998
-2.345531,-0.750521,-0.087294,0.503437,0.463289,0.073019,0.269935,-0.055730,0.180093,0.033809,0.365736,0.018280
-1.445566,-0.518681,0.764690,0.235524,-0.292622,-0.176281,0.373194,0.503806,0.249065,0.317696,-0.144789,-0.051744
-1.114659,-0.348576,0.500288,0.049714,-0.085080,0.056099,0.552754,0.082286,-0.621827,-0.120521,-0.132373,-0.018443
-0.896830,0.166820,0.656472,0.665543,0.054333,-0.179155,-0.051587,-0.270700,-0.314938,0.307846,0.110022,0.062549
-0.501543,0.364156,0.674439,0.164153,0.265771,-0.214497,-0.208807,-0.032749,0.070719,-0.112089,-0.029642,0.070156
-0.945476,-0.468768,0.685186,-0.246512,-0.105325,-0.106740,-0.349594,0.097345,-0.031364,-0.180261,-0.113948,-0.091943
-1.158329,-0.553975,0.524856,-0.388079,-0.528814,0.060553,-0.338055,-0.269354,-0.162530,0.027364,-0.234981,0.045683
-0.758814,-0.572891,0.445511,-0.701180,-0.476924,-0.103726,-0.311200,-0.034887,-0.238003,-0.148671,-0.451359,-0.019124
-0.305063,-0.452068,0.401913,-0.429758,-0.439170,-0.153503,0.038984,0.288752,-0.037153,0.351532,-0.137356,0.008176