-0.974842,0.792451,0.968062,0.806458,0.222782,-0.017529,0.229326,0.164026,-0.053150,-0.130195,-0.367557,0.057233
-1.845760,-0.419793,0.737116,0.603952,-0.037001,-0.089461,0.343564,0.095193,-0.212420,-0.207838,-0.405163,0.013257
-1.717606,-0.822790,0.397219,0.026390,-0.047379,0.138734,0.213234,0.455120,-0.029073,0.182979,-0.091683,0.396107
-1.926814,-0.773285,0.940103,0.238894,-0.061711,-0.223560,-0.634547,-0.220578,0.009892,0.708776,-0.005962,-0.101522
-1.467864,-1.803046,-0.334618,-0.086025,0.051856,0.072669,0.213357,-0.162939,-0.378168,0.019080,-0.156284,0.185540
-0.353469,-0.433289,-0.273714,-0.457865,-0.588379,0.076543,0.371531,0.251372,0.056524,0.148192,-0.188270,-0.110531
0.057446,-0.125860,0.603703,0.285536,0.077414,-0.160381,0.168316,0.282721,0.046989,0.216601,-0.009577,-0.011885
0.339828,-0.132168,0.768021,-0.072831,-0.214691,-0.102153,-0.082967,-0.118309,-0.334256,-0.083935,0.002254,0.071346
-0.048652,-0.524443,0.145161,-0.255242,0.187205,-0.294024,-0.216990,0.042226,-0.301844,-0.311225,-0.016466,0.121718
0.358959,-0.411830,0.248140,-0.300896,-0.107250,-0.087413,-0.051511,0.166056,-0.170227,-0.082074,-0.124884,0.022760
0.117810,0.119908,0.946039,0.011895,-0.331759,0.136461,0.175421,0.105288,-0.396114,0.273087,0.085293,0.024218
0.073993,-0.159261,0.941348,-0.000265,-0.427238,-0.057967,-0.200288,0.035793,0.247003,0.234628,-0.000126,-0.027821
1.012184,0.560369,1.555023,0.677335,0.071369,-0.254779,0.049618,-0.139730,0.151638,0.218058,-0.033645,-0.208876
4.178517,1.996678,1.628792,1.256739,0.540580,-0.325810,-0.173851,-0.165804,-0.279171,0.238056,0.069948,0.139869
6.147967,2.532183,1.226753,0.935745,0.178052,-0.234077,-0.010517,-0.017789,-0.008259,-0.003274,-0.112975,0.079742
5.824691,3.190630,1.439167,0.635962,-0.116079,-0.236100,-0.181047,-0.037144,-0.097273,0.216089,-0.149065,0.005570
3.304226,4.349092,2.146296,0.668922,-0.105841,-0.217071,0.140433,0.089760,-0.371297,-0.179192,0.017091,0.122344
3.834403,3.902553,2.043815,0.859595,-0.452895,-0.417602,0.100380,0.194019,-0.253406,0.140393,-0.146892,-0.016696
4.021052,3.827823,1.763991,0.677129,-0.002143,-0.180563,-0.061317,-0.153210,-0.051455,-0.016824,0.233862,0.228205
5.340861,2.928131,1.673875,0.559755,-0.206824,-0.245645,0.259146,0.248545,-0.158474,-0.031409,-0.056709,0.030565
4.227699,2.018799,2.400159,0.185880,0.417560,-0.114572,0.204979,0.026580,-0.153027,0.003816,-0.183016,0.015214
2.150414,1.789689,3.870890,0.234357,-0.083622,-0.114079,-0.209124,-0.069628,-0.106464,0.400071,-0.297862,0.035440
3.032468,2.443198,2.363601,0.201706,0.000498,-0.183272,-0.086159,0.259725,-0.114625,0.148879,-0.237967,0.193756
3.508275,2.033545,1.987731,0.151663,0.118533,-0.111300,-0.012150,-0.090196,-0.041327,0.080857,-0.061442,0.091971
-0.653212,2.310398,2.998015,0.506280,0.105623,-0.315445,-0.112173,-0.053173,-0.410755,0.095935,-0.355685,0.209965
-2.551266,1.407153,2.091909,0.655635,0.098673,-0.278578,0.082912,0.259906,-0.368464,-0.142253,-0.280454,0.237762
-3.251816,1.357053,1.689286,0.518409,0.029498,-0.216710,0.115380,-0.033018,-0.203005,0.059464,-0.425887,0.023771
-0.585497,0.266481,1.259007,-0.514644,-0.133406,-0.493148,-0.020951,-0.051186,-0.253382,0.145738,0.058660,0.615651
-0.497692,-0.920786,0.827871,-0.887601,-0.152693,-0.403397,-0.328346,0.028593,-0.127240,0.425766,0.209499,0.152724
-0.806149,-0.974829,1.022782,-0.564306,-0.420449,0.051414,0.235941,-0.008164,-0.362101,0.340465,0.061290,0.051029
-1.610146,-0.612125,1.106614,-0.745743,-0.134715,0.014325,0.284778,-0.055551,-0.377367,0.122269,-0.011957,0.047971
-2.917566,-0.057181,0.419371,-0.570034,-0.461059,0.512464,-0.049246,-0.171424,-0.414696,0.068351,-0.278082,-0.052905
-3.514465,-0.168579,0.768137,0.288220,0.158077,0.227522,-0.440884,0.114963,-0.353698,0.067343,-0.121064,-0.096869
-3.882008,-0.441304,0.665069,0.691086,0.325807,-0.100180,-0.422794,0.037966,-0.460789,-0.175979,-0.286828,-0.149718
-3.680763,0.121622,1.218342,-0.048449,0.177550,0.181905,-0.518808,-0.105955,0.085843,-0.119419,-0.339924,-0.006216
-4.049777,-0.358049,1.026893,-0.112006,-0.687402,0.334783,-0.170153,-0.302841,0.038892,0.439450,0.266746,0.425379
-3.155467,-0.404385,0.530409,-0.033304,-0.162875,-0.225105,-0.604855,-0.292683,-0.313708,-0.003878,-0.247209,-0.045008
-2.479758,-0.597493,0.426293,0.045438,0.325790,0.801491,0.159455,0.273969,-0.106876,0.113022,-0.157896,0.187339
-3.294078,-1.083732,0.300319,0.428402,-0.103332,0.308402,-0.032390,-0.545177,-0.214823,0.215120,-0.015879,-0.116492
-2.927586,-0.730319,0.499223,0.521858,0.126555,0.334826,0.389360,0.185899,-0.194493,-0.025513,-0.325328,-0.111222
-2.040585,-0.269757,0.348981,0.155739,-0.186915,-0.138721,-0.077046,0.451211,-0.027452,0.111471,0.082706,0.170876
-1.632485,-0.295813,0.590965,-0.212152,-0.091250,0.041877,-0.162864,-0.037907,0.154508,0.237803,0.098209,0.105114
-1.607655,0.046698,0.590398,-0.147841,0.288795,0.307127,-0.034142,-0.019251,0.083980,-0.115315,-0.147070,0.258663
-1.450176,-0.155795,0.852153,0.022877,0.137712,0.055504,-0.070736,0.177462,-0.027692,0.164312,-0.201164,0.110828
-1.551382,-0.682057,0.598760,0.066406,-0.214750,0.159876,-0.073701,0.007020,-0.324266,0.120314,-0.302732,0.116667
-0.974055,-0.416654,0.520939,-0.095296,-0.229168,-0.084157,0.334078,0.381544,0.020100,0.216292,-0.096823,0.119762
-0.319252,-0.296106,0.928737,0.536409,0.089092,0.033492,-0.046773,0.384361,-0.293169,-0.034002,-0.248024,0.321085
-0.369725,-0.752572,0.464713,0.238021,-0.074109,-0.160614,0.140932,0.220219,-0.046288,-0.196273,-0.243751,-0.163510
-0.023826,-0.557781,0.574970,0.286745,-0.246907,-0.002164,0.310894,0.233628,0.207873,0.182232,0.161767,-0.155006
0.356084,-0.045216,0.814150,0.667605,-0.373057,-0.069178,-0.031458,-0.046149,-0.041651,0.170078,0.294296,0.223706