-1.359485,-0.285426,0.561742,0.630050,0.203961,-0.168610,0.535197,0.480452,0.200336,-0.015561,0.122208,0.127654
-1.543663,-0.744563,0.195975,0.054036,-0.430040,-0.567738,0.086034,0.255622,0.148138,-0.165314,-0.065951,0.017133
-2.163303,-0.305996,0.322116,0.592383,-0.673426,0.021601,-0.069334,0.344755,-0.400529,-0.686829,-0.216796,-0.031401
-1.065254,-0.888797,0.379003,0.306671,-0.079833,0.010527,0.640366,0.238228,-0.059846,0.152512,-0.306748,0.159650
-0.906602,-0.428905,-0.139715,0.462939,0.268740,0.711794,0.137695,0.080702,0.060672,-0.007624,0.201839,0.110363
-0.484559,-0.442303,0.585480,0.029489,-0.174576,-0.114395,-0.388242,-0.295721,-0.464429,-0.124720,-0.027942,0.085115
-0.363405,-0.888282,0.294547,0.674917,-0.269386,-0.237228,-0.055127,-0.156844,0.035136,0.282737,-0.094942,-0.007298
0.145401,-0.261323,-0.136632,-0.113739,-0.395183,-0.254106,0.017129,-0.011661,0.020858,0.018072,0.014496,0.282472
-0.005396,-0.406415,0.469100,-0.267285,-0.496604,-0.001514,0.059766,0.016569,-0.320290,-0.156067,-0.360467,0.145750
-0.004691,-1.349662,0.190762,-0.239881,0.086260,0.051892,0.155251,0.243622,-0.146160,0.096282,-0.073630,-0.282312
0.212921,-0.399007,0.223590,0.228104,0.544470,0.406939,0.558006,0.231489,-0.448998,0.032800,-0.139536,-0.066523
0.595311,-0.165464,0.673357,-0.089422,-0.411781,-0.424224,0.127070,-0.100265,-0.379703,0.273324,-0.207296,0.015561
0.902282,-0.268816,0.360407,-0.193673,-0.345708,-0.260995,0.062147,-0.197017,-0.156634,-0.027145,-0.332351,0.024574
0.691420,0.006557,0.482677,0.314693,0.237395,0.180034,0.093191,-0.260452,-0.051572,-0.117633,-0.271975,0.216670
3.571005,2.022608,1.406686,0.421221,0.340339,-0.196393,0.111105,0.020759,-0.153770,-0.147492,-0.161612,-0.077942
5.956108,3.111975,1.663269,0.720587,0.317914,-0.051921,-0.078485,-0.188970,-0.399701,-0.193537,-0.416537,-0.037875
6.268940,3.269871,1.732619,0.514623,-0.166167,-0.272035,0.009025,-0.164826,-0.275789,0.144971,0.044463,0.197681
5.723568,3.191025,1.802261,0.556762,-0.058372,-0.203046,-0.171523,0.143278,-0.237845,0.218290,-0.058439,0.141538
5.179466,3.434621,1.803982,0.402441,0.253141,-0.217010,-0.064015,0.084440,-0.333663,-0.101900,-0.311954,-0.081362
5.975237,3.086457,1.865707,0.281421,-0.060404,-0.200130,-0.071368,0.029229,0.010786,0.231320,0.018266,0.122965
5.857255,2.503024,1.537071,0.534961,-0.057249,-0.045602,-0.001542,0.260686,-0.006403,0.121353,0.027728,0.000947
3.222905,2.681612,2.314887,0.298645,0.446515,0.051745,0.243213,0.237840,-0.347056,-0.015074,-0.147036,-0.040723
4.496405,2.077499,1.787707,0.324712,-0.067331,0.031655,0.206576,0.198542,-0.589197,-0.069169,-0.122388,-0.164959
4.602695,2.130702,1.814133,0.123167,0.050518,-0.063339,-0.049434,0.059695,-0.428125,0.243755,-0.202223,0.094771
2.187776,2.665516,2.181316,0.525927,-0.067336,-0.198293,-0.200994,0.085750,-0.250945,0.269681,-0.155551,0.167438
0.409867,2.500391,1.722827,0.585360,0.184766,0.180940,0.063236,-0.188451,-0.557250,0.144102,-0.215260,-0.028002
-2.580459,1.548899,1.691598,0.428343,0.165490,0.108403,0.180300,0.204836,-0.437311,0.044747,-0.357319,-0.000510
-3.104779,1.239831,1.679235,0.327024,-0.450275,-0.162473,-0.087664,0.093634,-0.100404,0.106414,0.040684,0.170046
-0.769816,0.256461,1.613149,-1.050792,0.005488,-0.321563,0.374409,-0.310427,-0.290886,0.043298,-0.281270,0.219971
0.024887,-0.710119,1.798281,-0.814530,-0.478593,-0.545916,-0.152588,0.356264,-0.486410,0.345927,-0.016681,0.076982
0.371829,-1.239395,2.234420,-0.933238,-0.472817,-0.657383,0.055079,0.583656,-0.525701,0.489356,-0.255188,0.118129
1.580017,-0.637184,1.665349,-1.184499,-0.565659,-0.060831,-0.104344,-0.176340,-0.710176,0.033587,-0.200080,0.251623
0.607834,-0.809503,1.416262,-1.032864,-0.271747,-0.123455,0.087614,0.098939,-0.838828,0.288074,-0.628443,0.224295
-2.089471,-0.083628,0.777082,-0.456349,-0.363468,-0.133965,0.108279,0.135510,-0.302374,-0.064732,-0.090462,0.042298
-1.972488,-0.081275,0.672113,-0.353701,-0.744760,-0.423048,0.054776,0.325333,-0.345807,0.364617,-0.098739,0.245852
-1.726068,0.448507,0.435032,-0.447685,-0.271805,-0.367033,0.061385,-0.194573,-0.528196,0.142050,-0.099085,0.290774
-2.073422,-0.230736,-0.217652,-0.858007,-0.593185,-0.165632,0.084236,0.095010,-0.474874,0.218082,-0.173084,0.136152
-1.525004,0.716525,0.838346,-0.064602,-0.038573,0.082088,0.167283,-0.001754,-0.369110,0.064814,-0.190447,-0.006168
-1.904417,0.570972,0.406928,0.013756,-0.270786,-0.124831,-0.121117,-0.283930,-0.585859,-0.281936,-0.321238,0.552150
-2.130356,-0.343046,0.281467,-0.014648,0.110585,-0.227213,-0.096036,-0.093882,-0.262756,-0.134747,-0.371866,0.239547
-1.430562,0.205411,0.275191,-0.180759,-0.290162,-0.073045,0.356084,0.392173,-0.232660,0.146091,0.227708,0.251118
-1.605396,-0.144055,0.621986,0.052707,-0.139223,0.132119,0.038227,0.130788,-0.123436,0.030340,-0.052785,-0.065327
-1.778868,-0.403236,0.949696,0.440796,-0.081256,-0.055888,0.019734,-0.025407,-0.257679,-0.018142,0.219909,0.115674
-2.139130,-0.790723,-0.206008,-0.090934,-0.103247,-0.269920,0.240854,0.308827,0.062329,0.080857,-0.025974,0.252175
-1.245536,0.159260,0.265435,0.311703,-0.200440,-0.011360,-0.127624,-0.149593,-0.032440,0.130182,-0.358493,-0.079385
-0.258844,0.003985,0.331989,0.091505,-0.208151,-0.463397,-0.313313,0.111345,-0.100732,0.185044,-0.067469,-0.197422
-0.098638,-0.246976,0.350839,0.010655,-0.257200,-0.556224,-0.049352,0.270075,-0.110344,-0.007467,-0.534412,-0.106784
-0.406165,-0.943218,-0.035903,-0.364324,-0.398145,-0.125104,-0.193656,-0.111007,-0.497891,-0.235586,-0.277308,-0.279630
-0.583261,-1.280718,-0.359401,-0.271618,-0.527837,-0.349935,0.047662,-0.079688,-0.466267,-0.055367,-0.026153,-0.136501
-0.614259,-0.795180,0.397062,-0.173113,-0.588749,-0.300874,0.069467,0.229236,-0.189239,-0.045977,-0.079639,0.008024