-1.968928,-0.083541,1.186457,0.611045,0.039917,-0.007688,0.639296,0.557381,0.222464,-0.042807,0.318079,0.191755
-1.467135,-0.105484,1.158201,0.460284,-0.295999,-0.330154,0.084091,0.333771,-0.043697,-0.126502,0.093132,0.154239
-1.241659,-1.144852,-0.437335,-0.484988,-0.821747,-0.508049,-0.505486,-0.316703,-0.452101,0.154586,-0.006678,0.193500
-1.629854,-1.406350,0.376276,-0.489061,-0.687302,-0.208665,-0.016204,-0.060093,-0.217164,-0.237546,-0.256074,0.166979
-0.824189,-0.688219,0.273654,-0.407318,-0.606638,-0.353741,-0.344491,-0.594013,-0.739308,-0.137813,-0.422116,-0.231202
-0.631511,-0.102832,0.664758,0.348998,-0.148222,-0.249537,0.119921,0.204748,-0.521729,-0.038708,-0.156942,0.074676
-0.242210,-1.209363,0.247645,-0.212607,-0.413827,-0.577530,-0.021704,0.004169,-0.269437,0.207601,-0.052498,0.111156
-0.270851,-0.931002,-0.343768,-0.449654,-0.764396,-0.284439,0.346311,-0.134467,0.093732,0.400296,0.281140,0.320189
0.460649,-0.285516,0.518698,0.236671,0.040786,-0.035777,-0.058252,-0.552226,-0.318937,0.282713,0.063715,0.411299
1.478224,0.252163,1.010605,0.583823,0.067678,-0.028272,-0.028442,0.065626,0.177054,-0.380335,-0.229680,-0.038329
4.799223,2.959946,2.027078,1.031973,0.124518,0.150338,0.284666,0.278223,-0.180816,-0.315474,-0.096987,0.248971
6.407216,2.885922,1.686332,0.672725,0.078794,-0.247011,-0.207780,-0.314980,-0.292421,-0.208412,0.148450,0.045424
4.583200,3.839599,1.922676,0.379343,-0.185278,-0.336172,-0.055244,-0.028861,-0.272725,-0.109487,-0.147275,-0.051682
3.074562,4.553034,2.323867,0.115179,0.025284,-0.428190,0.252835,-0.062840,-0.633691,0.503996,-0.181049,0.159834
4.444095,3.408287,2.230638,0.151594,-0.093703,-0.297415,0.106560,0.005497,-0.346270,-0.079704,0.061491,0.148001
3.547947,4.099946,2.134670,0.165027,-0.385404,-0.257031,0.287796,0.280583,-0.670811,0.474277,-0.054354,0.038691
3.189681,3.919570,2.425151,0.109751,-0.584319,-0.182033,0.327578,-0.011701,-0.569958,0.772406,-0.133317,0.232586
3.150513,4.313222,1.964226,-0.143906,-0.651420,-0.244332,0.397189,-0.064167,-0.336877,0.745027,-0.329624,0.087049
1.894741,4.432013,2.559039,-0.087761,-0.511146,0.183646,0.004335,-0.135044,0.300684,0.254094,-0.080096,0.306522
2.544631,3.809523,2.586420,0.089711,-0.086188,-0.310657,-0.024058,0.042289,0.091226,0.389322,-0.176233,0.103949
2.989255,2.949126,3.090375,-0.224150,-0.142646,-0.513008,-0.361219,0.178613,0.108020,0.061577,0.031466,0.118833
2.672913,2.259206,3.155991,-0.103850,-0.430190,-0.385217,-0.071303,0.062419,-0.271669,0.188932,0.321738,0.378318
3.704730,1.242925,2.653855,0.122798,0.027647,-0.219388,0.020015,0.067317,-0.340399,0.210833,0.181021,0.121965
1.742493,1.330088,3.625687,0.334747,0.068819,-0.089290,-0.214315,0.415298,-0.337378,0.157536,-0.003723,-0.122443
2.567013,1.476250,2.999387,0.134921,0.471600,-0.212872,0.019718,0.530635,-0.320788,0.422959,-0.377615,0.211045
0.886472,1.123392,2.827099,0.049355,0.365697,0.225300,-0.087782,0.114211,-0.211663,0.227754,-0.226722,0.047877
-1.965309,0.945094,1.686146,0.457879,-0.223545,-0.285271,-0.174186,-0.316384,-0.055639,0.094334,-0.086293,0.089008
-2.854805,-0.126257,0.624256,0.270679,0.046255,0.067585,-0.250791,-0.121960,-0.224269,0.183607,0.123555,0.272045
-3.127251,-0.708136,0.511173,-0.080747,0.004352,-0.042957,0.018020,-0.159394,-0.086025,0.282490,0.057668,0.198633
1.742879,1.412566,1.050037,-1.088415,0.061403,-0.391541,-0.039474,-0.130503,-0.440114,0.123932,-0.088171,0.331846
2.557075,1.216767,1.137907,-1.008602,0.043423,-0.329523,-0.084793,-0.140905,-0.503545,0.136763,-0.211894,0.234731
0.634377,-1.563877,0.965848,-0.916844,-0.541372,-0.457506,-0.360564,-0.049846,-0.459169,-0.045220,-0.239556,0.104284
1.497472,-1.975947,1.753571,-0.907461,-0.205858,-0.588515,-0.382258,0.126407,-0.320932,0.480377,-0.060489,-0.022899
1.929993,-1.604357,1.772967,-1.172454,-0.222566,-0.417939,-0.303682,0.295289,-0.363508,0.030415,-0.293537,0.026195
1.337474,-0.993122,1.190287,-1.373540,-0.376333,-0.749146,-0.191493,0.050592,-0.404045,0.025988,-0.300772,0.142146
0.746534,-0.072943,0.840612,-0.759896,-0.373121,-0.465144,-0.107906,-0.257568,-0.427559,0.541571,-0.035983,0.230025
-0.051979,0.458185,0.907331,-0.546888,0.041298,-0.478550,-0.047172,0.026553,-0.370630,0.012579,-0.081615,0.030088
-0.093117,0.079972,0.157672,-0.623958,-0.421880,-0.780050,-0.176906,-0.096032,-0.114155,0.136512,-0.096563,0.046715
-0.910960,-0.476158,0.226675,0.176704,-0.316288,-0.693172,-0.640284,-0.658309,-1.031904,-0.024446,-0.170254,0.192983
-0.016701,-0.224989,0.024787,-0.351904,-0.380254,-0.489597,-0.148626,0.046367,-0.108353,0.462029,-0.270919,-0.093911
-0.188622,-0.363716,0.089586,-0.182792,-0.436897,-0.640140,-0.463939,-0.033414,-0.112406,0.225569,-0.193293,0.257704
-0.144165,-0.072409,-0.043163,-0.232189,0.618308,-0.053394,-0.438479,-0.264339,-0.312626,-0.042519,-0.326648,-0.023283
-0.070495,-0.316603,0.566665,-0.320173,-0.058663,-0.016076,0.260842,-0.023676,-0.348511,0.230059,-0.415408,-0.076414
0.488343,-0.704722,0.380867,-0.087708,-0.383877,-0.454049,-0.139484,-0.062390,-0.343766,0.539295,0.372105,0.150036
0.954747,-0.676924,0.265904,0.084066,-0.184945,-0.142549,-0.194607,0.324739,-0.100313,0.153342,-0.263022,-0.162846
0.270632,-0.903082,0.026757,-0.273065,-0.575915,-0.258131,-0.090309,0.045532,-0.282176,0.038810,-0.307304,-0.210077
0.353962,-0.689214,0.215719,-0.387392,-0.908909,-0.343682,-0.282075,-0.046031,-0.128998,-0.072636,-0.100578,0.270416
0.483887,-0.631595,0.170205,-0.357246,-0.804602,0.026255,-0.075314,0.101906,-0.562552,-0.115427,-0.160267,0.097035
0.064719,-0.997704,-0.006598,-0.022004,-0.425721,-0.044333,-0.199402,0.032296,-0.282361,0.039048,-0.277620,-0.107280
0.059751,-0.960224,0.714632,0.280100,0.171708,0.039456,-0.004359,0.116814,-0.278084,0.010990,-0.164132,0.099148