0.549917,-0.516879,0.672404,0.045275,-0.506169,-0.332659,-0.061717,0.353471,0.008821,0.190007,0.131271,0.431403
0.477559,-0.683237,0.607027,-0.022270,-0.430147,-0.420403,-0.234789,0.299633,0.285620,0.316610,0.140980,0.377950
0.581579,-0.326239,0.796270,0.094947,-0.469453,-0.014895,-0.200916,0.152919,-0.260519,0.068663,-0.003892,-0.184698
0.237155,-0.945746,-0.016922,-0.022834,-0.178049,-0.560971,0.044760,-0.065935,0.051383,-0.023318,0.003991,0.217780
-0.052521,-0.691729,0.092327,0.385861,0.470046,-0.050291,-0.150935,-0.272035,-0.279052,-0.013300,0.281234,0.317511
0.464366,-0.721328,0.888376,0.516536,-0.045873,-0.733941,-0.398617,0.161342,-0.178320,0.134896,-0.100932,-0.099144
0.955955,-0.657161,0.279151,0.395541,0.199136,-0.300529,0.217336,-0.025505,-0.172179,-0.063358,-0.065456,-0.173612
0.986444,-0.193755,-0.036815,0.155203,-0.360521,-0.095480,0.294733,-0.218726,-0.262856,0.091603,-0.060680,0.044381
0.303749,-0.813567,0.199801,-0.413641,-0.476831,0.094920,0.228586,0.138698,-0.045078,0.133739,0.013175,-0.149079
-0.381734,-1.305322,-0.077459,0.133860,-0.296650,-0.026014,0.258179,0.192715,0.214531,0.119306,0.004958,-0.138351
0.760892,-0.332791,0.388106,0.335705,-0.318705,-0.470899,0.060107,-0.003468,-0.086049,0.057121,-0.074138,0.200599
0.210224,-0.521937,0.557791,0.066864,-0.086621,-0.483574,0.168063,0.173750,-0.049237,-0.064975,-0.128538,-0.098127
0.891460,-0.149155,1.027771,0.273768,-0.004895,-0.304211,-0.166227,0.108295,-0.261690,-0.034680,0.079333,0.053606
3.738187,2.977139,2.054008,0.719968,0.220500,0.252279,0.194167,-0.193647,-0.322494,-0.197339,-0.137814,-0.042580
6.869904,2.878091,1.617659,0.571304,0.033723,-0.048475,0.121122,-0.157375,-0.540387,0.134729,-0.029191,-0.062740
6.846987,2.742843,1.554060,0.467078,0.346824,-0.210175,-0.051511,-0.233586,-0.344909,0.010835,-0.078248,0.148373
6.817883,2.422074,1.763849,0.404615,0.194442,-0.304570,-0.021585,0.096344,-0.545283,-0.086404,-0.333511,-0.048743
6.185070,2.514304,1.861389,0.485072,-0.175818,-0.200825,0.246390,0.026407,-0.335161,0.011548,-0.113352,0.056919
5.498962,2.952674,1.994889,-0.232163,-0.197741,-0.226640,-0.120536,-0.454097,-0.312132,0.111171,-0.079684,0.425784
6.382298,2.625751,1.392440,-0.068610,-0.195402,-0.381295,-0.012064,0.011904,-0.289413,0.093247,-0.254778,0.018340
6.370653,1.596079,1.886906,-0.203909,-0.349775,-0.583969,-0.123742,0.241199,-0.288268,0.191309,-0.145317,0.028572
4.537248,1.865411,2.105710,0.184724,-0.184248,-0.414418,0.066175,-0.293959,-0.436714,-0.056010,-0.402112,0.212076
5.328864,1.818858,2.190730,-0.103758,0.114603,-0.029993,-0.507370,-0.085228,-0.062211,0.283898,-0.296594,0.333521
6.850543,1.563624,1.630606,-0.151739,0.289935,-0.077053,-0.233055,-0.146533,-0.253593,-0.014430,-0.189820,0.044264
2.787666,2.331551,3.253502,-0.044598,0.193787,-0.054202,0.098467,0.074143,-0.427764,0.209908,-0.475918,0.090877
2.280846,1.770495,1.635348,0.594474,0.580302,0.346631,-0.042014,-0.223101,-0.230051,0.014245,-0.093992,0.068893
-1.160517,1.753354,1.360921,0.394713,-0.234055,0.110578,-0.448093,-0.006103,0.061990,0.081456,-0.004227,0.174728
-2.518028,1.643785,1.324993,0.362481,-0.021961,0.173626,0.153584,-0.095944,-0.323857,0.105500,-0.260036,0.189630
1.942431,0.087790,1.089432,-1.286260,-0.248313,-0.122578,0.400740,-0.040132,-0.478329,0.548185,0.006127,0.256365
1.623775,-0.658061,2.055918,-1.329368,-0.636887,-0.640167,-0.104198,0.028425,-0.607447,0.194569,-0.435882,0.275319
1.778332,-1.868236,1.697560,-1.164277,-0.438441,0.031241,0.253350,0.490969,-0.272762,0.439979,-0.326618,0.002174
2.795223,-2.581223,1.539840,-0.480574,-0.861987,-0.336143,-0.274813,0.324471,-0.005218,0.026144,-0.374480,0.101555
2.759376,-1.419042,1.234170,-1.091012,-0.795294,0.242365,0.379683,0.497111,-0.481792,0.113965,-0.123820,0.508736
1.969675,-0.465189,1.092850,-1.212859,-0.355750,0.201307,0.462575,0.242189,-0.310688,0.108014,-0.161679,0.397755
-1.217068,-0.780368,0.504673,-1.100194,-0.978808,-0.144285,0.206886,0.257956,-0.389077,0.126453,-0.172235,0.077212
-1.989744,-0.025226,0.592427,-0.328219,-0.662548,-0.111385,-0.174514,0.545151,0.068267,0.120786,0.188893,0.225220
-1.796535,0.130177,-0.207270,-0.789253,-0.945832,-1.130003,-0.315700,-0.294128,-0.384081,-0.343082,0.206990,0.003258
-1.791231,-0.072293,0.504209,-0.560938,-0.454997,-0.264196,-0.223062,-0.174694,-0.595489,-0.054442,-0.111343,-0.089981
-2.244411,-0.137263,0.880481,0.602858,-0.206775,-0.232378,0.477200,-0.290459,-0.723056,0.091696,0.197020,0.221774
-1.741948,-0.484917,0.164325,-0.097747,-0.503349,-0.341714,-0.509236,0.026949,-0.140033,0.198066,-0.253252,-0.081311
-1.569426,-0.107347,0.228316,0.042592,0.038404,0.162737,0.140608,-0.112164,-0.141908,-0.250614,-0.249330,0.013763
-2.463919,-1.031898,0.425895,0.803132,0.434293,0.181620,-0.302556,-0.187086,-0.205836,0.057706,-0.159458,0.068215
-2.408958,-0.737259,0.701928,0.576299,0.067790,-0.032689,0.226756,-0.055133,-0.072090,-0.059535,0.035273,-0.131796
-2.505912,-1.384616,-0.123951,-0.389417,-0.494253,-0.332366,0.092512,0.373910,-0.220649,-0.084258,0.140289,0.168995
-1.483403,-0.259775,0.653293,0.640851,-0.303667,-0.541741,-0.514132,0.233047,0.109758,0.039026,-0.297052,0.174231
-1.496985,-0.274349,0.587325,0.496834,0.039335,-0.035322,-0.402606,0.074615,0.125914,0.066316,-0.201550,0.023076
-0.435434,0.096058,0.699770,0.041708,-0.415299,-0.114646,0.136327,0.046422,-0.093647,0.200072,0.100873,0.248868
-0.370707,-0.011027,0.617810,0.286916,-0.054018,-0.176846,0.113426,0.116837,-0.052600,0.281097,0.137178,0.280849
-0.316818,-0.643778,0.138695,-0.102854,-0.291945,-0.276378,0.288426,0.281529,-0.217522,0.248102,0.069045,0.329316
-0.498640,-0.918747,0.591623,0.156602,-0.005442,-0.172585,-0.088369,0.160384,-0.136005,0.414393,0.074381,0.199941