4.706859,1.304806,0.881913,0.441382,0.346745,0.311629,0.132403,0.138588,0.151561,-0.016892,-0.021424,0.074022
-0.379644,-0.483586,0.430163,0.479725,-0.449062,-0.550451,0.197163,0.482865,0.122936,0.099564,0.059672,0.122482
-2.019155,-0.337677,0.148554,-0.184537,-0.665293,-0.278181,0.069131,0.045075,-0.318691,0.063100,-0.119812,0.028014
-1.763511,-0.641829,0.417909,0.149092,0.302907,-0.034992,-0.061393,0.195825,0.068952,0.219486,-0.033128,0.002971
-1.329540,-0.942517,0.368517,0.209833,0.049860,-0.016607,0.334398,0.033045,-0.237397,-0.274560,-0.388831,0.270452
-1.233006,-0.653994,0.138789,0.330511,0.648954,0.304098,0.347537,0.245943,-0.272375,-0.258863,-0.462043,-0.019345
-1.044081,0.188851,0.200701,-0.549678,0.203399,-0.232911,0.205693,-0.053870,0.021991,0.113232,0.027333,0.315473
-1.322032,-0.753988,0.388676,0.452418,-0.042804,-0.156227,-0.153599,-0.215761,-0.081542,0.175710,-0.075134,0.224924
-0.723275,-0.684215,-0.216660,-0.181217,-0.631757,-0.437672,0.128171,-0.246678,-0.223732,0.012957,-0.199485,0.029182
-0.525126,-0.650923,-0.154565,-0.118944,-0.379137,-0.596327,-0.111554,0.094066,0.016978,0.250877,-0.190496,-0.092751
-0.063007,-0.583680,-0.086358,-0.255642,0.280376,-0.084940,-0.430366,0.233630,-0.017680,-0.011187,0.022978,0.172372
0.259801,-0.396401,-0.124078,-0.334847,-0.405092,-0.549519,-0.540492,-0.116586,-0.246296,-0.215701,-0.251016,-0.065881
-0.172537,-0.772680,0.062934,-0.194991,-0.511688,-0.373147,-0.381352,-0.105169,-0.213124,-0.174030,-0.300599,-0.140325
2.850929,1.972790,1.427279,0.802069,0.379118,-0.076460,0.203495,0.083958,-0.272149,-0.187154,0.007909,-0.036595
3.978524,3.511734,1.778794,0.768514,-0.342640,-0.658398,-0.022647,0.306779,-0.405983,-0.194342,-0.268708,0.082813
3.639526,4.284855,1.768861,0.619246,-0.352299,-0.273822,-0.285788,-0.123392,-0.250867,0.107571,-0.335961,0.139135
4.829359,3.374701,1.434725,0.716655,-0.197350,-0.124679,-0.161524,-0.004027,-0.237897,-0.019371,-0.150330,0.068048
5.138546,2.797539,1.898824,0.340074,0.040811,-0.419438,-0.171898,0.114820,-0.190627,0.111782,0.063031,0.029694
3.479734,2.371478,2.864817,0.668568,-0.456245,-0.199120,0.104869,0.458070,-0.324884,0.239282,-0.170418,-0.023162
2.372817,1.508291,3.134215,0.310385,0.172069,-0.350326,0.180524,0.415777,-0.313889,0.321098,-0.195474,-0.013563
2.925639,1.392420,2.286791,0.173856,0.116097,0.314297,-0.581701,0.318065,-0.130740,0.219481,-0.168112,0.106745
2.609715,2.418570,2.755891,0.257536,-0.441962,0.130156,-0.329369,0.333235,-0.372610,0.335254,-0.160238,0.023175
0.894469,2.585449,3.123850,0.195972,-0.092400,-0.068226,-0.037219,0.358641,-0.415827,0.180660,-0.510120,0.088038
-1.124689,1.961483,1.894770,0.672364,0.083920,-0.201226,-0.313241,0.065637,-0.429693,-0.004001,-0.188347,-0.038082
-3.923105,1.083696,1.749988,0.249425,0.116208,0.046824,0.147142,0.178260,-0.161426,0.317648,0.000598,0.345433
-0.551261,-0.323979,1.419064,-0.703141,-0.273295,-0.153037,0.181646,0.366303,-0.127265,-0.083659,-0.133657,0.060334
-1.568529,-0.942611,2.023957,-0.563670,-0.193868,-0.624272,-0.381644,0.474418,-0.374656,0.201246,-0.410437,0.045316
-2.501135,-0.829367,1.654213,-0.778022,-0.630312,0.294334,0.140943,0.185697,-0.607131,0.209966,-0.041240,0.290175
-3.559609,-0.270203,0.400765,-0.173593,0.121922,0.478729,0.482234,-0.040009,-0.303383,0.175283,0.129031,0.195888
-4.901631,-0.588464,0.253071,-0.182012,0.284077,0.328851,0.300774,-0.077820,-0.488231,0.199910,0.121164,0.297400
-4.765487,0.205207,0.506971,-0.080508,-0.231665,0.048428,0.164839,-0.075858,-0.388858,0.035548,-0.144001,-0.237768
-4.805048,-0.545333,0.464174,-0.142629,-0.628666,0.252095,0.436485,-0.060247,-0.219737,0.292630,0.086726,-0.186948
-4.904909,-0.164458,0.418770,-0.155495,-1.046240,-0.104678,0.388326,-0.110595,-0.232272,0.140035,-0.189089,0.018921
-5.033026,-0.453830,0.013033,-0.710962,-0.929058,-0.540224,-0.695089,-0.177012,-0.234380,-0.179450,-0.054492,0.172607
-4.768923,0.206283,0.849347,-0.131061,-0.356074,0.149479,-0.182073,0.101564,-0.010591,0.033066,-0.058106,0.286232
-4.518258,0.175264,0.378558,0.096621,-0.324874,0.424775,-0.013249,0.389175,0.146003,0.105249,-0.030576,0.075572
-4.628418,-0.444789,0.369521,0.068833,0.117768,0.221041,0.322446,0.238790,-0.022002,-0.069108,0.060116,0.046501
-5.024749,-1.299773,0.090413,-0.415499,-0.055392,-0.293657,-0.351318,0.034360,-0.244802,-0.156894,-0.113723,0.072568
-3.944917,-0.961028,0.234690,-0.010311,-0.036697,-0.460306,-0.264312,0.102455,-0.010583,0.018502,-0.092763,0.046150
-3.778972,-0.826683,0.103325,0.411828,0.369820,0.165765,-0.117592,0.156049,-0.239944,-0.249089,-0.358889,0.044366
-3.612098,-0.157331,0.968323,-0.284854,0.431141,0.790604,-0.035864,0.075306,-0.671300,-0.259080,0.198794,0.225716
-4.102918,-0.199324,0.611686,0.208284,0.038302,0.185751,0.174639,0.413931,-0.196406,0.191278,-0.132169,-0.115507
-2.771886,-0.604781,0.525598,0.338549,-0.080441,-0.317639,0.182064,0.278822,0.077969,0.007561,-0.210464,-0.369264
-3.055348,-0.480786,0.647335,0.013308,0.077118,-0.311751,-0.010944,0.436401,-0.423496,-0.348375,-0.148347,0.153656
-2.580643,-0.412147,0.324912,-0.271591,-0.350964,-0.636624,-0.507692,-0.315925,-0.129292,-0.258453,-0.106204,-0.038975
-2.080220,-0.323241,0.341939,0.092126,-0.300202,-0.322761,-0.068887,0.465397,0.239757,0.240359,-0.084473,0.061941
-1.771480,-0.243808,-0.418040,-0.156301,-0.022882,-0.302189,-0.009418,-0.146275,-0.047653,-0.385633,0.093476,-0.148044
-1.318362,-0.426136,0.362295,-0.104240,0.409548,0.192656,-0.004432,0.032981,-0.304370,-0.146931,-0.204178,-0.019271
-2.340756,-1.189610,-0.924505,-0.561804,0.198111,0.130191,-0.109826,0.025690,-0.347814,0.173774,-0.143066,0.029662
-0.665142,-0.078219,0.253864,0.142297,-0.487871,-0.645745,0.292044,0.193810,-0.152713,-0.070433,-0.137056,0.034921