4.772872,0.608489,1.222885,0.433726,0.459111,0.194701,0.221839,-0.008921,0.039946,0.227313,-0.149285,0.349436
2.941773,-1.397799,0.427064,0.091083,0.030374,-0.333211,-0.001277,-0.021500,-0.126766,0.179012,-0.181673,0.231150
2.366698,-2.254756,0.050813,0.823652,0.873259,-0.214104,0.429127,0.224380,-0.150874,0.303752,0.059149,0.034891
2.212296,-2.393322,-0.013752,0.471501,-0.307218,-0.579935,-0.511482,0.085388,0.206064,0.224261,0.156273,0.109925
2.478761,-2.009600,0.109699,-0.123970,0.471623,-0.365217,-0.483569,0.158149,-0.672631,-0.015467,-0.318574,-0.037894
1.808101,-2.630881,-0.550742,-0.805969,-0.417689,-0.860620,-0.307879,0.360041,0.154152,0.243415,-0.214050,0.361028
2.690601,-1.717499,0.221789,0.315045,0.497765,0.296717,0.120530,0.111790,-0.058492,0.080833,-0.356692,0.019008
2.880306,-1.437496,0.308041,0.067128,-0.021693,-0.395115,-0.195905,-0.267185,-0.448403,0.081819,-0.292489,0.107745
2.962802,-1.767824,0.244372,0.277846,0.003109,-0.246039,-0.356045,0.000238,-0.153660,0.002493,-0.256092,0.052216
3.345884,-0.609131,1.342688,0.839327,0.349140,0.016427,-0.221579,0.302902,-0.191268,0.054373,-0.090077,0.113761
5.218972,2.275584,1.406129,0.332495,-0.905458,-0.686607,-0.407977,-0.166798,-0.378851,0.075003,0.015576,-0.109040
6.030685,2.684742,1.394365,0.874897,-0.714771,-0.287456,0.417980,-0.186178,-0.230685,-0.122325,-0.146665,-0.093224
5.797753,2.192077,1.641167,1.019973,-0.192447,-0.362613,-0.293424,-0.136938,0.098720,-0.067635,-0.017787,0.023534
6.679577,1.948259,1.392110,0.742329,0.184951,-0.148440,-0.176258,-0.440149,0.002212,-0.033498,-0.075386,0.243416
5.536241,2.076871,1.768614,1.417361,0.180471,-0.203872,-0.050440,-0.519635,-0.002649,-0.047823,-0.308109,-0.169538
5.791210,2.065545,1.894746,1.014926,-0.456856,-0.135178,0.244198,-0.381843,0.036008,-0.126612,-0.234037,-0.230267
5.874457,1.994461,1.836833,0.992164,-0.531934,-0.043514,-0.239737,-0.506729,-0.306598,0.064785,-0.129169,0.081622
6.446274,1.884829,1.383140,0.310517,0.024688,0.353476,-0.039306,-0.503359,-0.077529,0.012361,-0.287441,0.110653
4.811743,1.604275,3.081818,0.642150,-0.606585,-0.547730,-0.039344,-0.290250,-0.215567,-0.026792,-0.235324,0.053142
3.723473,1.403385,3.064722,0.635596,-0.391725,-0.461530,-0.171864,-0.244741,0.058441,-0.013029,-0.056845,0.138501
1.201211,0.987107,3.199162,0.582932,0.025883,-0.292004,-0.349681,-0.035075,-0.000214,0.261410,-0.309454,0.142455
1.032304,0.675505,2.665192,0.898812,0.101975,0.094237,-0.267143,0.063049,-0.249567,0.056875,-0.092234,-0.082050
1.004606,1.374676,2.969868,0.340793,-0.077555,-0.309332,-0.517140,0.036445,-0.230688,0.029572,0.127721,0.146219
2.692353,2.109807,1.863634,0.522848,-0.111772,-0.216905,-0.462611,-0.138636,-0.300742,0.050719,-0.124990,0.145322
1.185277,2.131030,1.800358,0.311244,-0.375009,-0.659185,-0.477284,-0.492582,-0.334901,-0.260255,-0.185573,0.203346
-1.000269,1.241921,1.491686,0.329884,-0.168631,-0.911253,-0.419007,-0.299173,-0.442753,-0.175848,0.145688,-0.130881
-2.335559,1.102652,1.439748,0.435936,-0.329352,-0.622581,-0.496344,-0.374211,-0.543757,-0.033452,-0.103440,0.043861
-2.786281,-0.042925,1.146913,0.164772,-0.368638,-0.497723,-0.305877,-0.019887,-0.461979,-0.200110,-0.246093,0.052127
-2.930790,-0.454762,1.027558,-0.139746,-0.245780,-1.226803,-0.157179,-0.310755,-0.555370,0.221182,-0.147941,0.114575
0.247705,-1.497344,1.864987,0.143959,-0.027549,-0.343460,-0.693506,-0.155281,-0.292646,0.137730,0.208168,0.443347
0.612297,-3.479063,1.792711,-0.537397,-0.319586,-0.433537,-0.656150,0.062614,-0.477501,-0.013624,0.000329,0.267284
1.769359,-2.752141,1.092409,-0.475526,-0.536778,0.048084,-0.377107,0.161677,0.015288,0.090511,-0.019765,-0.197731
0.762856,-2.486367,1.608284,-0.737823,-0.878748,-0.165519,0.057961,0.090937,-0.254924,-0.067153,0.199803,0.322644
-0.228305,-1.148714,1.785992,0.339872,-0.261638,-0.316369,-0.037810,0.286169,0.040052,-0.015060,-0.376992,0.180057
-1.030498,-1.450847,0.251432,0.075458,-0.309493,-0.478546,0.055570,0.199758,0.100135,0.226587,-0.091973,0.056359
-0.711883,-0.706503,1.528892,0.404073,0.246280,-0.288871,-0.463435,-0.137633,-0.244293,-0.032537,-0.152688,0.198133
-0.626053,-0.826272,0.632549,0.186682,0.225061,-0.131504,0.155490,0.128393,-0.146429,-0.156405,-0.301721,0.286109
-1.220140,-0.949739,0.883516,0.709034,0.152362,0.089389,-0.279194,-0.402815,-0.660398,-0.144464,-0.258821,0.068499
-1.241679,-1.280362,0.606651,0.380924,0.224169,-0.623410,-0.240824,-0.244906,-0.507139,0.168645,0.128998,0.063940
-1.234097,-1.632287,0.077922,-0.514538,-0.264558,-0.330437,-0.094407,0.368542,-0.093142,0.089782,0.180873,0.012015
-1.072809,-1.371969,0.717025,0.600053,0.056358,-0.484690,0.072262,-0.043683,0.223102,0.317768,-0.363855,0.081029
-1.088266,-2.222194,0.197509,0.200519,0.091991,0.063291,0.075907,0.063301,-0.269835,0.031714,0.077510,0.241793
-0.244566,-1.126402,0.548125,0.312064,-0.363920,-0.002471,0.016745,0.459143,0.022688,0.013624,-0.042791,0.176334
0.044870,-0.795392,0.642125,0.947889,0.050034,0.018697,0.340863,-0.226588,-0.713271,-0.043182,-0.165505,0.169723
-0.152337,-0.959257,0.280500,0.165648,-0.479755,-0.270535,0.175629,0.049866,-0.104174,-0.015845,0.030396,0.113235
-0.047952,-1.566119,-0.109730,-0.170420,0.411834,-0.483463,-0.137604,0.154910,-0.024423,0.430278,0.074661,0.214859
0.604091,-1.627449,0.164670,-0.104594,0.292650,-0.079476,-0.219262,0.151300,0.148227,0.353187,-0.126154,0.203298
0.327416,-2.014416,0.358071,0.253754,0.473181,-0.488393,-0.442917,-0.258538,-0.007052,0.302914,0.189816,0.344643
1.217090,-1.437784,0.639278,0.259296,0.127127,-0.395621,-0.355338,-0.279839,-0.285445,0.270731,0.118270,-0.132569
0.958662,-1.779005,0.474532,-0.002238,0.246586,-0.161780,-0.556601,-0.174083,-0.459133,-0.028689,-0.151786,0.100049