4.947518,0.860119,1.156200,0.257747,0.432180,0.318863,-0.152025,0.311898,0.109010,0.055729,-0.067490,0.166553
2.418612,-1.330067,0.697536,0.283699,-0.060652,-0.307857,-0.526724,0.124958,-0.284551,-0.003725,0.125457,0.471532
1.830943,-1.999865,0.720782,0.239372,-0.007769,-0.499229,-0.466484,-0.175651,-0.203991,-0.366829,-0.128977,0.354248
2.595781,-1.329285,0.504989,0.703243,-0.123231,-0.314854,-0.260832,-0.153473,-0.290355,-0.267140,-0.281766,-0.023395
2.288693,-1.634518,0.393152,0.559915,-0.226743,0.045528,-0.059064,-0.045345,-0.020955,0.125660,-0.031383,0.116272
2.705851,-1.673064,0.704327,0.467355,-0.024839,-0.420114,0.242137,0.125650,-0.376425,-0.012546,-0.128850,0.058031
2.841243,-1.678836,0.753992,0.022562,-0.278451,-0.416263,-0.130913,0.163742,0.011549,-0.312435,-0.157501,0.115121
2.417715,-1.450576,0.739747,0.275649,-0.415209,-0.404684,-0.046159,-0.120111,-0.320945,-0.008302,-0.005205,0.367533
2.192230,-1.258560,0.654682,0.237108,0.235721,-0.078451,-0.155241,-0.060900,-0.059915,0.156131,-0.171820,-0.111434
2.411437,-1.287155,0.526369,0.173409,-0.057424,-0.453351,0.157038,-0.006339,0.132416,0.041643,-0.166770,0.233994
1.482153,-2.796604,0.045187,-0.271052,-0.293785,-0.282650,-0.176992,0.180056,0.434752,0.293428,-0.229291,0.040665
1.743801,-1.677006,0.708089,0.703486,0.829952,-0.079025,0.268133,0.418039,-0.329663,0.026281,-0.359877,0.029650
2.223235,-1.479776,0.907459,0.819965,0.283356,0.111273,-0.052118,-0.192104,-0.008859,0.205201,-0.159540,0.062367
3.955680,1.022342,1.931092,0.905117,0.251462,-0.055460,0.245172,0.116994,-0.069300,-0.324937,-0.373271,0.162970
4.670684,2.792790,2.073138,0.570575,0.102401,-0.137491,-0.076013,0.080201,-0.377262,0.063492,0.011227,0.247567
6.114389,2.333458,1.494220,0.771990,0.166392,-0.033738,0.123176,-0.095896,-0.052822,-0.295744,-0.343913,-0.007608
5.707206,2.572022,1.455140,1.214492,-0.254773,-0.536150,0.093740,-0.290212,-0.285789,-0.204346,-0.155366,0.042181
7.452404,1.418288,0.936061,0.587727,-0.339816,0.224124,0.311751,-0.182447,-0.212793,-0.052262,-0.233606,-0.060360
5.395082,2.270116,1.591545,1.185713,-0.886132,0.002338,0.297208,-0.502281,-0.209101,-0.019077,-0.269341,0.013269
6.105303,1.935958,1.515033,0.927627,-0.872710,-0.180189,-0.201362,-0.197787,0.180460,0.046129,-0.171233,0.089694
5.421147,1.855987,1.848022,0.209526,-0.584405,0.176198,-0.285793,0.057796,-0.104932,0.036761,-0.283819,0.052334
4.170105,1.330303,3.285931,0.489551,-0.812224,-0.372416,-0.188004,0.233988,-0.160660,-0.058885,-0.313358,0.049831
3.321015,0.826439,2.794008,0.858862,-0.280599,-0.089210,-0.018209,0.134129,-0.345677,0.274970,-0.027444,0.101493
0.761366,-0.616804,2.322084,0.526028,0.218573,0.067985,-0.094207,0.229411,-0.098268,0.007894,-0.043553,0.110046
-0.896729,-0.412988,2.691734,0.220051,0.098655,-0.488760,-0.619751,0.189996,-0.127230,0.058977,-0.291794,-0.265476
0.010722,0.797373,3.023951,0.263119,-0.270574,-0.303565,-0.109515,0.212527,-0.741524,-0.060959,-0.155298,-0.077089
0.580111,1.954556,2.927205,0.401624,-0.048088,-0.809845,-0.303082,-0.245442,-0.399079,0.199113,-0.085942,0.240968
-2.315662,1.602228,2.341915,0.602694,0.447323,-0.445669,-0.433317,0.224108,-0.297428,0.069740,0.131272,-0.083321
-2.497116,1.002461,1.335637,0.510007,0.052610,-0.878491,-0.444396,-0.012486,-0.272067,0.037746,-0.038078,0.066261
-0.981184,-0.893045,1.441370,0.189063,-0.553794,-0.347716,0.039839,0.495419,-0.316719,0.096890,0.031527,-0.024316
0.883421,-1.301105,1.391490,0.006029,-0.724357,-0.758917,-0.159342,0.467729,-0.126363,-0.053934,-0.001154,-0.032664
-0.353158,-2.510363,1.802175,-0.132068,-0.017995,-0.315991,-0.668402,-0.612286,-0.127701,0.059493,-0.028188,0.071689
-0.265461,-4.054939,1.222911,-0.486835,-0.165672,-0.028133,-0.177653,0.136622,-0.318158,0.334941,-0.378762,0.120302
-0.171748,-3.415476,0.774880,-0.709947,-0.713719,-0.415428,-0.508525,0.344793,-0.696104,-0.275991,0.017969,0.084207
-0.467299,-2.330175,1.570853,-0.929261,-1.025521,-0.661479,0.012187,-0.127770,-0.004974,0.630655,0.079121,0.370113
-1.028095,-1.340905,1.491593,-0.704752,-0.348068,-0.062517,0.022021,0.036351,-0.144133,0.412904,0.029127,0.114769
-2.243609,-1.358676,0.444785,-0.573551,-0.145703,-0.111931,0.417106,-0.063428,-0.177946,0.516604,-0.064777,0.095505
-1.730231,-0.332041,0.822234,-0.290364,-0.158036,-0.303011,-0.319489,-0.370603,-0.214848,0.069447,0.005553,0.302336
-1.617373,-0.578940,0.675821,0.375473,-0.232725,-0.704422,-0.005517,0.161964,0.008266,0.219410,0.298843,0.015551
-1.836102,-1.225466,0.437056,0.096190,-0.497468,-0.629068,0.310970,0.176215,-0.273700,0.063353,-0.212612,0.091134
-1.490846,-0.709407,0.715050,0.472995,-0.085862,-0.339613,-0.093334,0.118725,-0.463673,-0.083004,-0.104716,0.309563
-1.503519,-1.217899,0.750355,0.018798,-0.276837,-0.937163,-0.758039,-0.108448,-0.429573,0.235972,0.249465,0.201168
-0.524277,-0.832154,0.437859,-0.000553,-0.071506,-0.750490,-0.383120,0.195121,-0.384313,-0.011780,0.005155,-0.051188
-1.060697,-1.088477,0.873568,0.270733,-0.262269,-0.567472,-0.143614,-0.235478,-0.544119,0.091813,-0.029933,0.178678
-0.683706,-1.047604,0.911631,0.531354,0.049499,-0.339479,-0.026245,0.331816,0.103240,0.363997,-0.333809,-0.155455
-0.903336,-1.423099,0.628728,0.042045,-0.120095,-0.377775,-0.344877,0.235869,-0.168411,0.127529,-0.034197,0.283999
-1.017285,-1.107568,0.922727,0.384427,-0.179351,-0.041331,-0.239366,0.065464,0.170952,0.617244,-0.079115,0.103833
-0.678551,-1.000538,1.294917,0.614024,-0.047002,-0.058707,0.083813,0.166335,0.026531,0.207895,0.306032,0.206211
-0.005890,-1.094803,0.456199,0.606971,0.367503,-0.399128,0.152626,0.130084,-0.242434,-0.103806,-0.112655,0.100084
-0.093260,-1.182332,0.391758,0.637947,0.159149,-0.182590,0.183326,0.160993,-0.382546,0.138458,-0.059478,-0.049779