5.095961,0.895777,1.111743,0.394478,0.432964,0.110759,-0.027182,0.231856,-0.071441,0.340414,-0.043616,0.111919
2.538302,-0.872036,0.607822,-0.123956,-0.331176,-0.665210,-0.206707,0.164054,-0.467244,0.071743,0.060228,0.389232
2.461689,-1.839173,-0.299985,-1.071759,-0.385616,-0.308569,-0.418537,-0.105318,-0.223927,-0.025017,-0.299037,0.241956
2.377549,-1.322507,-0.087692,-0.247590,-0.192989,-0.188199,0.511306,0.346763,0.031086,0.211459,-0.128827,0.048004
2.371024,-1.267544,0.720251,0.129476,-0.471205,-0.188959,-0.344856,-0.181198,-0.376599,-0.071027,0.141057,-0.061827
1.994579,-1.598242,1.018261,0.217431,-0.118919,-0.642975,-0.395017,0.471229,-0.021728,-0.259270,-0.072576,0.156714
1.791606,-2.102076,0.333833,0.545797,0.659173,0.030622,-0.054223,0.106102,-0.184096,-0.296585,0.122067,0.008173
1.357417,-2.247603,-0.146584,0.280705,0.063004,-0.112952,0.201337,-0.001966,-0.289787,-0.201188,-0.158233,0.007809
1.916258,-2.193313,0.252727,0.526987,-0.327586,-0.138829,0.222681,0.285557,-0.385071,-0.083437,-0.357503,0.035258
2.231422,-1.375333,0.433184,0.243312,-0.454414,-0.339461,0.090463,0.436182,0.051902,-0.074017,-0.052744,-0.057814
1.464743,-1.498925,0.178493,0.406554,-0.385932,-0.497641,-0.034578,0.210388,0.312076,-0.043138,-0.266375,0.013767
1.925486,-1.325233,0.607385,0.217351,0.033487,-0.344487,0.190741,0.034189,-0.064561,0.192178,-0.043829,0.251942
2.583649,-0.713390,0.553784,0.591545,0.527257,-0.094875,0.021306,0.085954,-0.211905,-0.233108,-0.036148,0.126601
2.395745,-1.409408,0.311673,0.265080,0.118776,-0.225768,-0.011396,0.244306,0.110709,0.321267,-0.040112,0.253654
2.245600,-1.124631,0.333032,-0.029897,-0.686983,-0.665596,0.093300,0.213340,0.147841,-0.029718,-0.149644,0.051678
2.114401,-1.666829,0.558537,0.062751,-0.555396,-0.177387,0.125757,0.365817,-0.292205,0.244015,-0.052783,-0.227674
2.817744,-1.046808,1.656022,1.031123,0.192882,-0.002331,0.490377,0.241705,-0.308627,0.130940,-0.068365,0.138446
6.756597,2.168090,1.301165,0.609083,0.222527,0.165141,0.501410,-0.030632,-0.462239,0.041915,-0.179120,-0.052507
6.163649,2.674136,1.198155,0.840317,0.148624,-0.077984,-0.038510,-0.162986,-0.294218,-0.145203,-0.102480,-0.072927
5.683833,2.818218,1.542736,1.030059,0.061328,-0.350675,-0.499312,-0.287327,-0.253271,0.082364,0.018958,0.202482
7.226901,2.030036,0.884364,0.555643,-0.247237,0.030223,-0.185652,-0.149525,-0.195547,0.004709,-0.102384,-0.011756
5.040251,2.897748,1.610027,1.187536,-0.302637,-0.561608,-0.091319,-0.202067,-0.412653,-0.217430,-0.217279,-0.086045
6.521672,2.284132,1.017429,0.554214,0.000553,-0.299581,-0.069352,-0.063852,-0.301755,0.024491,-0.063815,0.062186
6.384203,2.535414,1.279481,0.419333,-0.268803,-0.447470,-0.278147,-0.382718,-0.058194,0.035671,-0.170643,0.194907
5.451961,2.659367,1.792801,0.351163,-0.290438,-0.147657,-0.150204,-0.331256,0.003053,0.000169,-0.077693,0.450360
4.621921,2.429432,1.829142,0.975008,-0.563250,-0.177232,-0.411867,-0.878588,-0.012984,0.131573,0.006489,0.249541
4.795724,2.399931,2.108963,0.227856,-0.660690,-0.350031,-0.355220,-0.298383,-0.125039,-0.023492,0.171218,0.080712
4.827102,2.453577,2.348734,0.226229,-0.605037,-0.527284,-0.412422,-0.291229,-0.202597,-0.063568,0.180538,0.362002
3.281082,0.839733,2.606375,0.209211,-0.021715,0.304710,-0.545873,-0.155743,0.019493,-0.002535,0.141339,-0.076182
2.833642,1.057239,2.639357,0.415778,-0.027702,-0.282066,-0.385185,-0.417065,-0.138183,0.033535,-0.138155,0.206958
2.266101,0.884823,2.801703,0.111657,0.039296,-0.092200,-0.046456,-0.289106,-0.089401,0.256618,-0.167664,0.055031
1.820135,0.777337,2.915719,0.890183,-0.137950,-0.455516,0.079426,-0.049642,0.106205,-0.213218,-0.130486,0.056419
2.182646,1.185941,3.122920,0.669572,-0.468425,-0.118038,-0.430695,-0.109080,0.061054,0.130260,-0.000154,0.272790
1.332752,1.373221,3.489053,0.858021,-0.334402,-0.409613,-0.194216,-0.087099,-0.348305,0.032006,-0.036142,0.054054
-1.469869,1.228968,1.755158,0.622947,0.257150,-0.478023,-0.319172,-0.042595,-0.431516,0.071780,-0.063079,0.047525
-2.468680,0.567631,1.738205,0.149852,-0.132811,-0.420990,-0.155793,0.031432,-0.431120,0.156278,-0.132652,0.236507
-3.977578,-0.116544,1.815068,0.585228,0.201559,-0.324635,-0.625881,-0.628064,-0.478848,0.107112,0.015326,0.170346
-1.116909,-0.810658,1.477622,0.059926,0.085567,-0.573111,0.393650,0.207566,-0.321947,-0.313814,-0.228090,-0.198924
-1.032276,-1.705903,1.625125,-0.269478,-0.491026,-0.488828,-0.204859,0.159942,-0.053293,0.126963,0.241131,-0.186364
-0.253307,-2.843036,1.313908,-0.439402,-0.209999,0.227041,-0.178981,0.125693,-0.192914,-0.130565,-0.116283,0.249386
-0.243117,-1.639731,1.991225,-0.339302,-0.494403,-0.347318,-0.571674,-0.035963,-0.324666,0.201271,-0.426097,0.274260
-1.231577,-1.278705,1.649364,0.213072,-0.147649,-0.401537,-0.321268,0.287404,-0.288293,-0.097792,-0.293009,0.403965
-2.771963,-1.268056,1.123681,-0.327590,-0.917750,-0.345747,-0.148164,0.227890,-0.066208,-0.127411,-0.042126,0.533331
-3.060781,-0.990983,0.821739,0.000267,-0.643236,-0.491730,-0.320491,0.231471,-0.004293,-0.089429,0.068547,0.364363
-2.973155,-1.055134,1.164857,0.038653,-0.022989,-0.087079,0.362648,0.615587,-0.069299,0.293848,-0.194253,0.257930
-3.502140,-1.430750,0.828273,0.475418,0.563643,-0.312336,0.067461,0.612483,-0.180122,0.067026,0.002940,0.187487
-3.525635,-1.132893,0.828642,0.373436,0.352527,-0.221146,-0.071593,-0.112708,-0.695320,0.162439,0.202995,0.366418
-2.910349,-0.642024,1.212507,0.070781,0.105898,0.008039,-0.056523,0.032814,-0.277606,0.063002,-0.053708,0.184835
-2.524791,-0.732020,0.977672,0.232430,-0.018527,-0.142564,-0.139067,-0.150028,-0.045828,0.340149,-0.049325,0.141950
-2.543792,-1.335179,0.796804,0.326610,-0.288856,-0.297222,-0.089539,0.002091,0.066967,0.397971,-0.035753,0.028432