3.934072,0.278603,1.311643,0.537153,0.361990,0.425428,0.054705,0.172192,-0.038246,0.152690,-0.174401,0.314822
2.332051,-1.511452,0.691037,0.456531,0.156311,0.244703,0.037637,0.158092,-0.067886,0.009196,-0.481872,0.137943
1.978748,-2.543547,-0.161007,-0.328541,0.242994,0.043122,0.086900,0.379932,0.131030,0.264817,-0.197448,0.151820
2.276927,-1.852861,1.219779,0.282797,-0.061771,-1.009442,-0.640677,0.064261,-0.084225,0.307740,-0.225072,-0.200037
2.869942,-1.514834,0.574417,0.094714,-0.318632,-0.347788,0.297728,0.270214,-0.232902,0.117374,-0.446016,-0.152981
1.860006,-2.312450,-0.104519,-0.292014,-0.333877,-0.222175,0.429755,0.121365,0.074356,0.664925,0.096479,-0.237618
2.663485,-1.620269,-0.041903,-0.297716,-0.280615,-0.276430,0.224085,0.124741,0.026450,0.391920,-0.160919,0.270741
2.545864,-1.683916,0.197494,-0.069835,0.003358,-0.370419,-0.245672,-0.121586,0.092690,-0.084708,0.023096,0.155501
2.943892,-1.664526,0.126717,-0.346270,-0.004296,0.104828,0.229648,0.050815,-0.013821,-0.222943,-0.099964,0.323091
2.643331,-2.120064,0.129701,0.113875,0.331955,-0.029524,0.425446,0.159480,-0.207416,0.059898,-0.025967,0.263190
3.289417,-2.234467,0.335417,-0.173921,-0.082288,-0.639089,-0.579607,-0.150844,-0.327147,0.025496,-0.163906,0.145936
3.085731,-1.815872,0.229747,0.135008,0.161768,-0.419948,0.221125,0.561302,-0.006448,0.138945,0.050886,0.040712
7.479482,1.551970,1.221143,0.468458,0.328769,-0.210627,-0.070034,-0.045955,-0.223603,0.110783,-0.255999,0.226372
6.527907,2.603534,1.648649,0.606811,-0.349811,-0.435804,-0.444797,-0.134228,-0.070200,0.013086,-0.159772,0.130699
8.566465,1.805359,0.759721,0.654787,-0.260697,-0.480786,0.176905,0.119700,-0.143641,-0.024067,-0.090907,-0.204917
6.945051,2.214116,1.147817,1.390770,-0.196708,-0.482054,0.127132,-0.147145,-0.372023,-0.224591,-0.259793,-0.022216
6.232733,2.348024,1.690753,1.521286,-0.458123,-0.639608,0.033115,-0.082655,-0.297327,-0.255189,-0.093039,0.125363
8.507986,1.767947,1.251017,0.029186,0.136127,0.171103,-0.114247,-0.146250,-0.199686,-0.258989,-0.083075,0.012138
6.107536,2.161587,1.788861,0.996960,-0.742160,-0.232429,-0.474754,-0.215679,-0.124749,-0.062427,-0.399874,0.177566
6.344812,2.153311,1.351202,0.748899,-0.559182,-0.109612,0.077358,-0.049859,-0.130702,-0.015956,-0.244861,0.100992
7.032290,2.307179,1.533238,0.378408,-0.657202,-0.136304,-0.263759,-0.257397,-0.249459,-0.074675,0.048605,0.070397
5.883537,2.160458,2.160776,0.505907,-0.513423,-0.277619,-0.475644,-0.287155,-0.117978,0.096819,-0.094786,0.192259
5.681498,2.433346,1.985095,0.088645,-0.325585,-0.064863,-0.493768,-0.166562,0.005469,-0.029643,-0.244855,0.004797
5.675825,1.868575,1.734275,0.014540,-0.210725,-0.232361,-0.191003,-0.138414,-0.153738,-0.008379,-0.406693,0.129349
4.622186,1.412639,2.461109,0.103998,-0.663516,-0.582255,-0.268761,-0.183427,-0.129181,0.219990,-0.278681,0.187299
4.218210,0.972847,2.095613,0.439656,-0.513592,-0.140593,0.276942,0.053297,-0.412454,0.076852,-0.203292,0.050705
3.187207,1.932168,1.982563,0.135993,-0.419541,-0.249893,-0.037053,0.110695,-0.153457,0.121211,0.035818,0.069100
2.449742,1.863074,2.545944,0.697075,-0.196545,-0.273882,-0.044057,-0.347674,-0.285022,0.331193,0.001717,0.322582
3.937461,2.192881,1.303436,0.191868,-0.093800,-0.180456,-0.366776,-0.044967,-0.244209,0.073466,0.005200,0.030750
0.327799,1.669680,2.130455,0.318815,-0.174863,-0.405388,-0.392298,-0.016522,-0.542938,0.136412,-0.240035,0.048795
-1.905007,0.152744,2.199898,0.602416,-0.416748,-0.482115,-0.519845,0.069329,-0.304535,0.137003,0.047764,0.207972
-1.672656,-0.110389,2.203723,0.966807,-0.376392,-1.013353,-0.541967,-0.002528,-0.323745,0.362885,0.010324,-0.042374
-1.765080,-0.874902,1.098566,0.007589,-0.051833,-1.009869,-0.885639,0.352921,0.075695,0.440193,0.033709,0.033981
1.105594,-1.240638,1.872440,-0.393000,-0.577013,-0.759908,-0.575679,0.418693,0.052707,-0.003750,-0.266721,0.030023
2.529561,-3.334673,1.558874,-0.426298,-0.111621,-0.064064,-0.675645,0.183521,-0.408694,-0.063151,-0.205560,0.091007
1.781664,-3.151503,1.936414,-0.059613,-0.363655,-0.492934,-0.365082,0.719003,-0.132107,0.194437,-0.019016,0.022359
2.351040,-2.950951,1.350562,-1.200451,-0.175904,-0.659597,-0.437984,-0.241033,-0.161244,-0.029782,0.107937,0.217452
2.673598,-1.818479,1.621499,-0.592148,-0.371367,0.038063,-0.143500,0.302427,0.010085,-0.013996,-0.112385,0.225519
1.434616,-1.631635,1.267949,-0.116822,-0.218461,-0.167936,-0.141102,0.448899,0.252183,0.148167,-0.106855,-0.097486
0.899240,-0.950418,1.104857,-0.032157,-0.217524,-0.462338,-0.035861,0.021428,-0.303075,-0.139785,-0.136710,0.518569
1.153491,-0.668174,0.928695,-0.175582,-0.472395,-0.632206,-0.421950,-0.067155,-0.209592,0.100040,-0.020810,0.512799
0.725416,-0.827105,0.971624,-0.032205,-0.479076,-0.852221,-0.256716,0.237367,0.000692,0.289682,0.101603,0.287669
0.812110,-0.746954,0.977311,0.327973,-0.383676,-0.648978,0.029508,0.073241,-0.100279,0.078592,-0.047541,-0.023072
0.509664,-0.659779,0.955812,0.424761,-0.765684,-0.184199,0.285143,-0.071581,-0.402678,0.032292,-0.059905,0.098004
0.654783,-0.910612,0.358389,0.344019,-0.153887,-0.127690,0.002240,-0.250518,-0.007883,0.124673,-0.164180,0.232210
0.768990,-1.613952,0.804526,0.376883,-0.024127,0.142609,0.261354,-0.159047,-0.351804,0.597017,-0.078870,0.157550
1.283608,-1.159580,1.098935,-0.005684,-0.324384,-0.351959,0.333073,-0.034941,-0.640716,0.516341,0.145188,0.080608
1.569396,-1.541128,0.704894,0.108680,-0.365937,-0.530633,-0.031628,0.012893,-0.332710,0.425540,0.046119,0.124096
1.808567,-1.153513,0.922222,0.341417,0.181458,-0.344719,0.289982,-0.112971,-0.356492,0.119735,-0.369005,0.317388
1.952831,-1.813269,0.686480,0.579854,-0.352764,-0.424291,0.310348,0.112361,-0.248407,0.143542,-0.243800,0.073997