4.264754,0.054362,1.190233,0.666551,0.270421,0.112416,0.294048,0.355686,-0.107956,0.027181,-0.105062,-0.144826
2.656689,-1.803772,0.469361,0.371906,-0.116377,-0.468700,-0.121067,0.121083,-0.250241,-0.069920,-0.185397,-0.150667
2.810237,-1.373539,0.573863,0.220534,-0.219987,-0.268101,0.029946,0.109031,0.026122,-0.107483,-0.110334,-0.036292
1.859492,-2.404370,-0.296762,-0.141289,-0.544715,-0.273857,-0.537829,0.123183,0.442141,0.134800,-0.183889,0.043602
3.109096,-1.596661,0.808096,0.170648,0.014835,0.277971,0.141289,-0.149288,-0.124885,-0.092084,-0.106304,0.113612
2.704196,-1.337341,1.072212,0.211093,-0.671407,-0.637709,-0.251100,-0.361986,-0.342610,0.060885,-0.195310,0.066670
3.086849,-1.161277,0.149430,0.009466,0.553599,-0.397137,-0.116564,0.239513,-0.102963,-0.003300,-0.405210,0.027949
3.105769,-1.409301,-0.005142,0.183436,-0.243097,-0.650950,-0.434185,-0.036128,-0.264011,0.078411,-0.098157,0.130957
3.229644,-0.980926,0.816334,0.276208,-0.055830,-0.189552,0.108646,0.160084,-0.398224,-0.318375,-0.046970,0.050899
2.270140,-1.448563,0.254494,0.337477,0.327004,0.125600,0.254756,0.157473,-0.429554,-0.223900,-0.153427,-0.263768
2.950107,-1.651359,0.368250,0.995784,0.488249,-0.308431,0.236043,-0.277178,-0.627000,-0.265850,-0.102137,0.302466
3.193434,-1.498269,-0.052465,0.582908,0.418543,-0.515816,-0.404433,-0.137160,-0.163843,-0.019594,0.023188,0.331246
2.400667,-1.494758,0.052270,-0.151462,0.065773,0.156123,-0.022766,0.110264,-0.126263,-0.312193,-0.278843,0.187136
2.493684,-1.022448,0.888882,-0.258253,-0.643357,-0.185342,-0.327456,-0.055097,-0.125161,-0.010457,-0.285502,0.215654
2.973847,-1.764949,0.038450,0.426017,-0.257939,-0.235105,-0.077702,-0.256257,-0.205783,-0.388961,-0.101014,0.002401
3.327559,-1.193962,0.190445,0.553456,0.406735,-0.183746,-0.129522,-0.214326,-0.055974,-0.325901,-0.314264,-0.250996
4.932794,0.815241,1.753443,1.378524,0.496027,-0.079753,-0.104975,0.397678,-0.176425,-0.231188,-0.187330,-0.127620
8.001578,2.373617,1.258527,0.178649,-0.497549,-0.253056,-0.088095,0.057221,-0.337699,0.137321,0.047222,-0.002436
6.177798,2.755816,1.510110,1.407631,-0.500006,-0.592029,-0.366595,-0.264493,-0.292240,0.107793,0.143938,0.216070
7.779288,2.085243,0.846981,0.408169,-0.243660,-0.398842,-0.157112,-0.030658,-0.198300,0.206456,-0.102301,0.133890
6.196700,2.877381,1.098486,0.834336,-0.477404,-0.455472,-0.205767,-0.755889,-0.161366,-0.088485,-0.029262,0.093218
6.284319,2.443954,1.459928,0.572309,-0.743828,-0.373766,-0.061213,-0.209068,-0.073383,0.061975,-0.087795,0.125119
7.421735,2.056775,0.917517,0.375705,-0.413640,-0.233529,0.001450,-0.283838,-0.394709,-0.044257,-0.167052,-0.098353
7.186837,1.798258,1.053809,-0.134258,-0.235397,-0.235697,-0.048005,-0.004872,-0.110442,0.033709,-0.125395,0.041426
5.578545,2.019362,2.358501,-0.155907,-0.519907,-0.126624,-0.271582,0.149404,-0.319273,0.101624,-0.149273,-0.114428
4.387833,1.201554,2.961125,0.352722,-0.815851,-0.115494,-0.365819,0.379296,-0.381442,0.131926,-0.164944,-0.073081
2.494295,0.952333,2.872006,0.502581,0.140611,-0.349358,-0.155984,0.097588,-0.430033,0.070027,-0.129668,-0.035291
2.064251,-0.516156,2.362501,0.408398,0.090486,-0.204267,-0.387807,0.312058,-0.218007,0.194865,0.190096,-0.008163
1.432807,-1.165076,2.304315,-0.572618,-0.561721,-0.141008,-0.472379,0.512548,-0.234664,0.160204,-0.119383,0.056902
-0.503033,-1.150934,2.465780,0.250114,-0.014541,-0.058178,-0.629651,-0.355055,-0.370648,0.176176,0.063884,0.312662
-2.324785,-0.721870,1.409738,-0.144136,-0.380521,-0.777756,-0.083525,0.025674,0.051105,0.089650,-0.181991,0.304978
-3.308117,-1.128394,0.845886,0.360342,-0.000932,-0.039776,0.035050,0.476917,0.031721,-0.048687,0.227073,0.333074
-2.223819,-1.295493,0.598398,-0.527008,-0.597428,-0.139296,-0.601076,0.246750,-0.187153,0.143855,-0.136500,-0.248180
2.076267,-0.877991,0.679622,-0.550595,-0.478433,-0.260054,-0.255105,0.404180,0.338982,0.509156,0.171152,0.078362
0.634619,-2.529555,1.796398,-0.710718,-0.163479,-0.349948,-0.573062,0.266467,-0.390319,0.198284,0.092756,0.006773
0.208531,-3.396217,1.310950,-0.708248,-0.366333,-0.811718,-0.593078,0.203454,-0.475111,-0.089484,0.081230,0.024574
0.450898,-2.692597,0.787390,-0.638539,-0.616212,-0.619581,-0.457326,-0.052526,0.047659,-0.002581,0.173474,0.018029
0.483411,-2.057009,1.894853,-0.211773,-0.110723,-0.534501,-0.292441,0.195190,-0.151677,-0.147016,-0.230645,-0.139683
-0.457565,-1.858603,0.988186,-0.371744,-0.422411,-0.624138,-0.251750,0.117271,0.021168,0.164397,-0.304184,-0.055460
-1.372067,-1.351201,0.524318,-0.567331,-0.633414,-0.367974,-0.274890,-0.047805,0.078023,0.015918,-0.085679,0.202179
-1.484862,-0.678275,1.619815,0.068275,-0.479799,-0.742289,-0.149836,-0.313417,-0.329258,-0.331214,-0.189991,0.102593
-1.217454,-0.870814,1.060676,0.495098,-0.253114,-0.393683,0.315266,0.131047,-0.372423,0.006381,-0.122637,0.223178
-1.268331,-1.224637,0.529701,0.136294,0.045637,-0.249600,0.086590,0.122077,-0.040205,-0.043937,-0.185977,-0.242857
-1.505281,-0.874507,0.275923,0.192162,0.037795,-0.064983,-0.063739,0.137680,-0.194238,-0.188319,-0.053496,0.310131
-1.116257,-1.373555,0.718154,0.610541,0.221222,-0.107810,-0.117018,-0.033449,-0.293849,0.073144,-0.061037,-0.210798
-0.721010,-1.000767,0.479555,0.411569,-0.099860,-0.421171,-0.346686,-0.128141,-0.316408,0.003195,-0.200560,-0.060251
-0.652974,-1.299989,-0.017964,0.155044,-0.055911,-0.418321,0.047452,0.097443,0.019472,0.092166,0.093199,0.125547
-0.339712,-1.412997,0.314327,0.545272,0.429490,0.243595,0.732852,0.456943,0.209846,0.335516,0.079315,0.231097
-0.325186,-1.491784,0.585360,0.309311,0.173552,-0.288882,-0.170301,-0.276428,-0.609325,-0.131654,-0.310225,0.166196
-0.479036,-1.143300,0.996008,0.394985,0.369808,-0.033700,-0.279299,-0.180623,-0.061103,-0.115071,-0.256666,0.124480